1,1,2.546,21,0,21,1.7784,1.744,0.49789
2,1,2.4001,30,12,18,1.6663,1.5964,0.52874
3,1,1.8282,30,9,21,1.3331,1.2617,0.24583
4,1,1.9557,33,9,24,1.4245,1.2883,0.27216
5,2,2.1852,33,21,12,1.3783,1.3091,0.35488
6,2,1.5305,12,9,3,1.4413,1.4413,0
7,2,2.2352,63,3,60,1.2751,1.2172,0.24119
8,2,2.0175,111,30,81,1.4142,1.358,0.28654
9,3,2.4219,30,12,18,1.8467,1.8796,0.47371
10,4,1.2474,12,6,6,1.1091,1.1091,0.090368
11,7,1.1534,12,6,6,1.0581,1.0581,0.052821
12,7,1.3783,33,9,24,1.0939,1.0842,0.052055
13,8,1.5823,60,6,54,1.2188,1.194,0.13878
14,9,2.064,30,12,18,1.5479,1.5588,0.38283
15,9,1.7092,21,12,9,1.3566,1.3759,0.26832
16,9,1.8835,54,15,39,1.3936,1.3054,0.28352
17,9,1.7699,27,12,15,1.4188,1.4975,0.24158
18,9,1.3917,24,15,9,1.1472,1.1605,0.12971
19,9,1.2186,15,3,12,1.1659,1.1914,0.064908
20,9,1.1643,12,6,6,1.0638,1.0638,0.067387
21,10,1.185,21,3,18,1.1115,1.1217,0.059694
22,10,1.6347,27,18,9,1.4685,1.5092,0.18665
23,11,1.6073,24,9,15,1.3621,1.3831,0.12478
24,11,1.395,18,6,12,1.2653,1.2902,0.10793
25,11,2.5695,60,36,24,1.9117,1.9686,0.55766
26,11,2.0989,21,6,15,1.5703,1.6352,0.36814
27,12,1.1489,12,0,12,1.0923,1.0968,0.022996
28,12,2.3436,72,39,33,1.7276,1.7249,0.43234
29,12,1.8524,39,21,18,1.4354,1.4225,0.2235
30,12,1.3405,36,3,33,1.111,1.0911,0.066483
31,12,1.2738,21,9,12,1.1006,1.0879,0.092408
32,1,2.3165,45,15,30,1.6137,1.6057,0.41894
33,1,1.2404,18,9,9,1.1341,1.1319,0.075673
34,1,1.9117,48,33,15,1.4208,1.4537,0.26571
35,1,2.1596,12,6,6,1.5132,1.5132,0.35391
36,2,1.7678,21,3,18,1.4264,1.3942,0.21892
37,3,1.6303,33,18,15,1.2374,1.221,0.18175
38,3,2.8192,57,12,45,1.8299,1.9817,0.44949
39,4,2.8227,33,18,15,1.6359,1.6496,0.42109
40,4,1.3345,24,3,21,1.2158,1.2623,0.11338
41,5,1.2713,30,12,18,1.1485,1.1749,0.088798
42,7,2.8015,33,15,18,1.7023,1.6434,0.57351
43,7,1.6921,27,9,18,1.3513,1.3467,0.14142
44,8,1.4825,33,24,9,1.1674,1.1445,0.14001
45,8,2.7567,90,39,51,1.3451,1.1565,0.45662
46,9,1.8822,24,6,18,1.4804,1.5625,0.29686
47,9,1.5195,48,33,15,1.2783,1.3195,0.17282
48,9,1.9635,30,15,15,1.4386,1.3863,0.3368
49,10,2.261,51,30,21,1.5512,1.5583,0.39213
50,10,1.8751,27,3,24,1.3299,1.2656,0.2511
51,10,1.3888,18,9,9,1.224,1.2373,0.095798
52,10,2.6663,39,18,21,1.6414,1.5678,0.51876
53,10,1.7762,15,3,12,1.4864,1.5153,0.26792
54,10,1.7421,24,3,21,1.3558,1.4207,0.22189
55,11,1.9934,42,15,27,1.2897,1.1579,0.28266
56,11,1.6501,27,15,12,1.2318,1.211,0.15714
57,11,2.9092,63,27,36,1.4396,1.1694,0.53237
58,11,1.9067,27,12,15,1.5973,1.6697,0.25695
59,11,1.4182,12,6,6,1.1301,1.1301,0.16278
60,11,2.0147,27,12,15,1.5499,1.5369,0.29783
61,12,1.4844,33,12,21,1.2528,1.3103,0.13945
62,12,2.1533,33,18,15,1.4844,1.5024,0.33283
63,12,2.1859,102,75,27,1.4142,1.3289,0.33057
64,12,1.6893,18,6,12,1.3744,1.4011,0.25844
65,12,2.41,24,15,9,1.6769,1.6703,0.44719
66,12,1.526,42,6,36,1.2222,1.2127,0.14015
67,12,1.1839,18,12,6,1.097,1.097,0.11653
68,12,3.1774,39,6,33,1.4284,1.2792,0.46151
69,12,2.1709,126,81,45,1.7125,1.7907,0.2982
70,1,1.7939,54,39,15,1.4224,1.4084,0.24245
71,1,1.2904,15,9,6,1.116,1.116,0.14531
72,1,2.0671,21,9,12,1.588,1.6913,0.42138
73,1,1.6007,36,12,24,1.3781,1.4121,0.15165
74,1,1.9906,15,6,9,1.5505,1.572,0.2862
75,1,1.9269,63,24,39,1.5365,1.5503,0.26022
76,2,3.0859,45,33,12,1.6322,1.5057,0.62858
77,2,2.111,27,18,9,1.4268,1.4044,0.36197
78,2,3.4358,33,9,24,2.0113,1.8465,0.81066
79,3,2.2259,36,18,18,1.5343,1.4928,0.34064
80,3,1.2818,12,6,6,1.1661,1.1661,0.088883
81,4,1.9254,81,15,66,1.3461,1.3014,0.2349
82,4,1.6869,18,3,15,1.268,1.2122,0.24569
83,6,2.7745,33,12,21,1.6808,1.5037,0.50608
84,6,1.4626,12,6,6,1.2232,1.2232,0.14411
85,7,1.1698,21,3,18,1.1138,1.1201,0.042834
86,8,1.1748,12,6,6,1.1219,1.1219,0.073681
87,8,1.4457,24,6,18,1.0958,1.0928,0.057077
88,8,1.6907,12,3,9,1.2507,1.2329,0.24324
89,8,2.6556,81,48,33,1.8678,1.6843,0.51144
90,9,1.1974,18,3,15,1.0927,1.0794,0.053521
91,10,1.8105,33,12,21,1.3306,1.3566,0.18573
92,10,2.0442,24,3,21,1.5802,1.6303,0.24559
93,10,1.6789,33,3,30,1.3962,1.4203,0.1732
94,10,1.646,30,3,27,1.2958,1.3428,0.16109
95,10,1.3096,12,6,6,1.1217,1.1217,0.087328
96,11,2.1709,21,9,12,1.5101,1.4631,0.39607
97,11,5.0738,27,9,18,2.3131,2.1088,1.0421
98,11,2.6787,84,45,39,1.5824,1.4434,0.51911
99,11,1.3385,18,6,12,1.1773,1.1955,0.07048
100,11,3.3873,45,21,24,1.9827,1.8867,0.66258
101,11,1.3545,15,3,12,1.2405,1.2788,0.13074
102,11,3.4239,72,27,45,1.9609,1.8656,0.62156
103,12,1.6978,75,39,36,1.3094,1.2878,0.15293
104,12,1.5216,33,24,9,1.2711,1.2492,0.20727
105,12,1.6021,45,36,9,1.2744,1.2629,0.21398
106,12,2.0712,30,6,24,1.4186,1.2853,0.30795
107,12,1.6386,39,18,21,1.3245,1.3438,0.17749
108,12,1.6885,24,6,18,1.2691,1.2201,0.22973
109,1,3.5534,156,18,138,1.7904,1.761,0.63586
110,1,1.616,24,18,6,1.5156,1.5156,0.029911
111,1,1.299,24,12,12,1.1409,1.1213,0.071466
112,1,3.7079,36,18,18,2.8198,2.7343,0.61737
113,3,1.3516,18,3,15,1.2227,1.2428,0.090932
114,3,1.6017,30,12,18,1.2925,1.3232,0.18336
115,4,1.6818,24,3,21,1.2898,1.2587,0.15162
116,4,2.1005,27,9,18,1.6945,1.7265,0.32929
117,6,1.675,21,9,12,1.4461,1.4648,0.1757
118,6,2.4192,45,18,27,1.7537,1.8124,0.44544
119,8,1.1738,21,15,6,1.0846,1.0846,0.077216
120,8,1.3445,24,18,6,1.1068,1.1068,0.11215
121,8,1.2665,12,9,3,1.1116,1.1116,0
122,9,1.8166,60,12,48,1.2696,1.2209,0.21658
123,10,1.9049,15,3,12,1.3493,1.3262,0.31745
124,11,2.8166,87,66,21,1.7607,1.6779,0.53842
125,11,1.2848,18,9,9,1.1019,1.1209,0.082317
126,11,1.75,54,24,30,1.5109,1.6178,0.25179
127,12,1.6849,24,9,15,1.2953,1.2808,0.21737
128,12,1.3232,12,6,6,1.1224,1.1224,0.12233
129,12,3.0283,57,27,30,1.9823,1.8005,0.62126
130,12,1.7022,15,9,6,1.3057,1.3057,0.25456
131,12,2.6539,39,21,18,1.5605,1.4594,0.4618
132,1,1.6271,12,3,9,1.2902,1.2902,0.2283
133,1,2.2871,84,69,15,1.7404,1.8344,0.35829
134,1,1.7489,24,15,9,1.4024,1.3727,0.27859
135,1,3.7635,135,18,117,2.3318,2.0494,0.90475
136,1,2.7869,69,51,18,1.766,1.6969,0.55071
137,1,3.4233,33,9,24,1.7466,1.6833,0.53534
138,2,2.1855,39,6,33,1.64,1.655,0.33586
139,2,1.4061,15,6,9,1.2415,1.249,0.15419
140,2,1.7263,33,15,18,1.418,1.4725,0.22736
141,2,1.7213,21,9,12,1.4074,1.4163,0.23398
142,2,1.7088,24,9,15,1.3902,1.41,0.25992
143,3,1.5994,18,9,9,1.3178,1.3598,0.24338
144,3,3.0674,27,12,15,1.6753,1.5384,0.57382
145,3,2.3912,72,60,12,1.4185,1.2243,0.46172
146,4,1.4351,72,48,24,1.3269,1.3563,0.095829
147,6,1.9004,18,6,12,1.4038,1.3821,0.37051
148,6,1.1676,12,6,6,1.0812,1.0812,0.058619
149,6,1.4649,12,6,6,1.1727,1.1727,0.13668
150,7,1.3041,15,6,9,1.1642,1.1717,0.10126
151,7,1.7136,15,6,9,1.3423,1.3282,0.30235
152,7,1.5071,15,3,12,1.2014,1.2008,0.16201
153,7,1.7411,15,9,6,1.4914,1.4914,0.26043
154,8,1.3666,15,6,9,1.191,1.2188,0.17243
155,8,1.1475,12,3,9,1.0854,1.0967,0.030237
156,8,2.1066,30,6,24,1.3824,1.2982,0.32388
157,9,1.7512,72,9,63,1.3871,1.3817,0.12224
158,9,2.4691,39,9,30,1.7543,1.7636,0.53974
159,9,3.5905,39,6,33,1.8753,1.6603,0.72247
160,9,1.4323,42,24,18,1.1221,1.0802,0.099467
161,9,1.5041,27,15,12,1.282,1.2927,0.14678
162,10,2.6009,54,27,27,1.5668,1.5781,0.45793
163,10,1.833,27,12,15,1.5109,1.572,0.21888
164,10,2.1124,75,27,48,1.4167,1.251,0.38503
165,10,1.3607,33,3,30,1.1769,1.1511,0.089714
166,10,1.6933,42,21,21,1.3777,1.4492,0.18658
167,10,1.4,36,21,15,1.2767,1.3205,0.095137
168,11,2.1212,39,24,15,1.506,1.4364,0.33128
169,11,3.0094,186,18,168,1.4891,1.3659,0.35408
170,11,1.964,39,18,21,1.5749,1.7431,0.33774
171,11,2.875,78,48,30,1.5261,1.4148,0.49626
172,11,2.3499,30,9,21,1.7305,1.7396,0.46468
173,11,1.5489,33,9,24,1.2222,1.2338,0.1603
174,12,1.1877,15,9,6,1.0861,1.0861,0.039103
175,12,1.1377,24,3,21,1.081,1.0981,0.040071
176,12,1.4617,18,12,6,1.2857,1.2857,0.15189
177,12,2.7321,63,9,54,1.6312,1.6546,0.51641
178,12,1.3295,15,3,12,1.2276,1.2512,0.058681
179,12,2.7109,72,33,39,2.0047,2.1222,0.45352
180,12,2.9688,126,12,114,1.7822,1.5257,0.50848
181,1,1.1936,12,6,6,1.1022,1.1022,0.047871
182,1,1.9954,12,6,6,1.4835,1.4835,0.31261
183,1,2.3343,27,15,12,1.5897,1.5349,0.44648
184,1,1.6422,39,27,12,1.3117,1.2959,0.23603
185,3,1.2631,15,6,9,1.1812,1.1936,0.085034
186,3,1.1797,24,6,18,1.0795,1.0771,0.051632
187,4,3.1117,45,30,15,1.9993,2.0038,0.6033
188,6,1.3596,12,6,6,1.1827,1.1827,0.13046
189,6,1.5667,30,6,24,1.2782,1.2435,0.2102
190,7,1.4001,18,9,9,1.2234,1.2685,0.12467
191,8,1.1625,12,6,6,1.0795,1.0795,0.063498
192,9,1.1117,12,9,3,1.0155,1.0155,0
193,9,1.4497,18,9,9,1.2071,1.2236,0.11891
194,9,1.7276,57,21,36,1.5856,1.6276,0.14896
195,9,1.4861,15,3,12,1.2452,1.2378,0.1401
196,10,1.2653,27,6,21,1.1295,1.1494,0.080839
197,10,2.2026,111,84,27,1.5819,1.5238,0.31985
198,10,2.0327,54,27,27,1.3843,1.2693,0.32916
199,10,1.3586,18,6,12,1.17,1.1836,0.12907
200,11,1.277,36,9,27,1.1294,1.1083,0.087734
201,11,1.236,51,36,15,1.1595,1.1531,0.054615
202,11,2.0637,54,3,51,1.3867,1.221,0.30165
203,12,1.9795,33,9,24,1.3251,1.2504,0.25534
204,12,1.9786,78,33,45,1.5784,1.6112,0.29182
205,1,1.1486,15,3,12,1.0288,1.0199,0.032562
206,1,1.2529,24,12,12,1.1457,1.1612,0.075229
207,1,1.6169,57,27,30,1.2562,1.2856,0.13423
208,1,1.4228,18,9,9,1.3002,1.353,0.14623
209,1,1.6104,21,12,9,1.3233,1.3386,0.25115
210,2,2.1874,39,6,33,1.4208,1.3303,0.33289
211,2,3.1663,48,15,33,2.2491,2.3099,0.62404
212,2,2.8242,69,30,39,1.611,1.6056,0.50629
213,3,2.3252,24,15,9,1.5962,1.5595,0.47332
214,4,1.5012,18,6,12,1.3847,1.3864,0.072717
215,5,1.4715,48,33,15,1.2617,1.2942,0.16337
216,6,1.1646,12,3,9,1.0572,1.053,0.036681
217,7,1.379,12,6,6,1.1753,1.1753,0.10642
218,7,1.9022,27,12,15,1.354,1.3607,0.28004
219,8,1.7314,54,24,30,1.2901,1.256,0.15278
220,9,1.4583,12,6,6,1.2466,1.2466,0.17543
221,9,2.3651,108,57,51,1.7233,1.6994,0.37546
222,9,1.5617,42,21,21,1.3388,1.3203,0.16917
223,9,1.2945,12,6,6,1.1427,1.1427,0.10274
224,9,1.588,57,45,12,1.3505,1.3578,0.20727
225,10,3.2853,60,36,24,2.1819,2.3198,0.77917
226,10,1.6302,21,6,15,1.3445,1.3951,0.21123
227,10,1.1513,15,9,6,1.1177,1.1177,0.045043
228,10,1.2526,15,9,6,1.1513,1.1513,0.088671
229,10,1.1272,18,9,9,1.064,1.081,0.051795
230,11,1.6575,51,33,18,1.2957,1.2917,0.16028
231,11,1.442,12,9,3,1.4115,1.4115,0
232,11,2.0146,51,39,12,1.4373,1.4403,0.34761
233,11,2.314,54,24,30,1.5981,1.7191,0.45165
234,11,1.8387,30,21,9,1.4254,1.4176,0.27393
235,12,2.0135,24,12,12,1.4204,1.4129,0.26749
236,12,2.4432,39,9,30,1.5245,1.435,0.27667
237,12,1.8105,21,15,6,1.3908,1.3908,0.23179
238,12,1.3408,15,6,9,1.1762,1.1782,0.071072
239,1,2.2178,30,12,18,1.5366,1.4918,0.39299
240,1,2.9767,21,6,15,1.6117,1.4587,0.61127
241,1,1.1309,15,12,3,1.0904,1.0904,0
242,1,2.5982,48,9,39,1.8151,1.9098,0.54006
243,2,1.4445,36,24,12,1.2689,1.2775,0.13839
244,2,1.4491,30,6,24,1.1998,1.1846,0.11467
245,2,1.5797,15,9,6,1.2668,1.2668,0.16073
246,2,1.7267,45,33,12,1.3518,1.3607,0.22701
247,3,1.4091,18,3,15,1.1524,1.1589,0.092913
248,4,3.0233,60,18,42,1.8515,1.8087,0.58446
249,4,1.1625,15,9,6,1.0945,1.0945,0.049568
250,5,1.5215,15,3,12,1.2802,1.2882,0.14239
251,6,1.3122,12,3,9,1.1323,1.1486,0.088331
252,6,1.5292,39,24,15,1.2818,1.3313,0.16995
253,6,1.5414,27,12,15,1.2469,1.2707,0.17368
254,7,1.0552,12,6,6,1.0339,1.0339,0.0065054
255,7,1.9042,81,27,54,1.3531,1.2066,0.29683
256,8,1.5023,27,12,15,1.2405,1.2178,0.17086
257,9,1.3827,30,9,21,1.1654,1.1245,0.11048
258,9,1.3558,12,9,3,1.1762,1.1762,0
259,9,1.5076,54,9,45,1.1734,1.1814,0.11478
260,9,1.4592,33,27,6,1.33,1.33,0.14234
261,9,2.1045,87,63,24,1.4284,1.3895,0.22589
262,9,1.8056,30,9,21,1.3703,1.4013,0.22524
263,10,2.4646,66,27,39,1.5853,1.4837,0.36914
264,10,1.2142,12,6,6,1.1075,1.1075,0.073539
265,10,2.6297,21,3,18,1.4238,1.2673,0.45424
266,10,1.3051,24,15,9,1.1696,1.1926,0.11735
267,11,2.1155,36,18,18,1.5384,1.5277,0.4104
268,11,1.2188,21,12,9,1.1764,1.1871,0.040816
269,11,3.475,42,21,21,2.0998,2.0881,0.78511
270,11,1.5366,12,3,9,1.2957,1.301,0.17861
271,11,1.5043,15,6,9,1.3169,1.3489,0.16116
272,11,1.0484,12,6,6,1.0332,1.0332,0.013364
273,12,3.3325,135,15,120,1.5898,1.5741,0.3391
274,12,1.7247,21,12,9,1.2693,1.2669,0.24936
275,12,2.3188,87,18,69,1.4764,1.45,0.30749
276,12,3.2986,45,21,24,2.0422,2.0317,0.78741
277,1,1.6565,21,12,9,1.2906,1.2784,0.20288
278,1,1.8669,24,9,15,1.3893,1.3923,0.25477
279,1,2.6246,99,75,24,1.8036,1.76,0.48489
280,1,2.3733,39,15,24,1.7084,1.7034,0.41029
281,1,1.3936,15,6,9,1.2775,1.3009,0.11914
282,1,2.7102,51,15,36,1.691,1.7082,0.39375
283,2,1.7766,57,30,27,1.6224,1.651,0.10082
284,4,1.4569,57,42,15,1.2506,1.2515,0.16299
285,4,1.4625,18,9,9,1.2355,1.2277,0.16289
286,5,1.4509,30,15,15,1.2253,1.2314,0.15077
287,5,1.5697,27,6,21,1.2647,1.2255,0.15292
288,5,1.5589,18,6,12,1.3708,1.4126,0.18153
289,6,1.1844,12,9,3,1.0713,1.0713,0
290,7,1.2073,15,6,9,1.1187,1.1022,0.063966
291,8,1.3107,30,9,21,1.1822,1.1893,0.06233
292,8,2.1268,21,6,15,1.5341,1.5304,0.36085
293,8,1.8101,27,6,21,1.4054,1.4075,0.24087
294,9,1.3304,24,3,21,1.1886,1.2029,0.10768
295,9,1.313,12,6,6,1.1262,1.1262,0.16249
296,9,1.6478,21,9,12,1.3929,1.4294,0.24981
297,9,2.2187,39,18,21,1.6383,1.779,0.37155
298,9,1.6246,27,12,15,1.3239,1.3665,0.19284
299,9,1.7588,48,27,21,1.2163,1.1863,0.181
300,10,1.0513,12,0,12,1.0183,1.0124,0.01906
301,11,1.211,12,3,9,1.1162,1.1234,0.061862
302,11,1.242,30,6,24,1.1128,1.0991,0.079784
303,11,1.2738,12,6,6,1.1121,1.1121,0.094045
304,11,1.292,12,6,6,1.1325,1.1325,0.088318
305,12,3.0496,168,99,69,1.7128,1.6273,0.53386
306,12,1.3409,12,6,6,1.179,1.179,0.11215
307,12,1.6474,18,9,9,1.2879,1.2829,0.2032
308,12,1.2123,15,3,12,1.1566,1.1571,0.019432
309,12,1.7236,18,9,9,1.4976,1.5227,0.2264
310,12,2.7388,36,21,15,1.7039,1.5595,0.59889
311,1,1.1744,24,6,18,1.0704,1.075,0.038552
312,1,1.3576,33,6,27,1.1593,1.1511,0.069067
313,2,1.2336,27,9,18,1.142,1.1757,0.076511
314,3,3.1313,48,24,24,1.9425,1.8843,0.67018
315,4,1.5296,24,6,18,1.1524,1.1172,0.13467
316,4,2.4781,24,12,12,1.6972,1.6797,0.42194
317,4,1.1877,12,0,12,1.0967,1.1128,0.043754
318,4,2.9725,111,27,84,1.5229,1.2443,0.54845
319,6,1.8109,27,12,15,1.3166,1.2886,0.27643
320,6,1.3861,18,6,12,1.1554,1.1322,0.129
321,6,1.2155,42,24,18,1.1274,1.1323,0.066046
322,6,1.3904,15,6,9,1.1556,1.1518,0.1014
323,8,1.3559,39,33,6,1.1361,1.1361,0.12742
324,8,1.2325,15,3,12,1.1657,1.1928,0.081871
325,8,1.1788,18,6,12,1.1068,1.1252,0.061854
326,9,1.4003,15,6,9,1.2313,1.2373,0.16283
327,9,2.0758,75,27,48,1.367,1.3368,0.23673
328,9,1.7243,42,33,9,1.2831,1.2816,0.187
329,9,1.4854,21,15,6,1.1499,1.1499,0.16624
330,10,1.848,45,3,42,1.4254,1.347,0.27116
331,10,1.6965,51,39,12,1.2652,1.2609,0.23136
332,10,1.3584,30,15,15,1.1508,1.1757,0.094096
333,10,2.0959,51,9,42,1.6831,1.7348,0.25126
334,11,3.5005,48,27,21,2.0597,2.0084,0.72642
335,11,1.4213,15,9,6,1.1616,1.1616,0.1719
336,11,1.7554,33,18,15,1.4485,1.4606,0.23956
337,11,1.7636,33,9,24,1.4715,1.5781,0.23442
338,11,2.7618,30,6,24,1.947,1.985,0.58796
339,11,1.6428,24,9,15,1.3822,1.3763,0.19774
340,11,4.8923,90,60,30,2.5042,2.2576,1.2867
341,12,2.5671,36,15,21,1.7554,1.7631,0.55553
342,12,1.4785,42,18,24,1.2575,1.2645,0.081984
343,12,1.4197,24,12,12,1.2554,1.2609,0.14619
344,12,3.4777,57,30,27,2.0491,2.051,0.73888
345,12,2.7623,75,30,45,1.6332,1.5295,0.44175
346,12,1.6057,27,9,18,1.4079,1.4778,0.18332
347,12,3.1125,45,24,21,1.8993,1.7625,0.66625
348,12,2.1873,33,18,15,1.5354,1.475,0.46138
349,12,1.7691,21,6,15,1.4326,1.4971,0.30904
350,12,2.7677,42,12,30,1.8041,1.7007,0.57586
351,1,1.2652,12,6,6,1.1611,1.1611,0.11116
352,1,1.6494,15,3,12,1.3169,1.3255,0.25334
353,1,1.5621,15,9,6,1.2841,1.2841,0.18208
354,1,2.0981,21,12,9,1.3532,1.3128,0.33205
355,1,2.7311,123,30,93,1.5547,1.5111,0.38603
356,1,1.5228,12,6,6,1.1933,1.1933,0.14185
357,1,1.8345,33,24,9,1.3288,1.3337,0.30603
358,2,1.2775,18,6,12,1.1065,1.1082,0.066009
359,2,1.9822,75,18,57,1.423,1.451,0.20395
360,2,1.2705,18,9,9,1.1908,1.2427,0.11124
361,2,1.8154,33,18,15,1.5606,1.632,0.27592
362,2,1.7774,12,3,9,1.3514,1.3482,0.31301
363,2,2.2804,24,3,21,1.4727,1.4648,0.35232
364,3,1.3881,12,3,9,1.1215,1.1025,0.086818
365,3,1.6005,12,6,6,1.2822,1.2822,0.24607
366,3,2.5192,84,60,24,1.8433,1.9344,0.53468
367,4,2.0263,45,12,33,1.2932,1.1835,0.24424
368,4,1.2559,15,9,6,1.1725,1.1725,0.058266
369,5,1.4029,21,9,12,1.2286,1.2658,0.12985
370,5,1.3578,24,18,6,1.2159,1.2159,0.11879
371,6,1.445,15,6,9,1.181,1.1587,0.16816
372,6,1.3702,15,6,9,1.2087,1.2009,0.12099
373,6,1.3696,24,3,21,1.188,1.2173,0.082141
374,7,1.3011,18,12,6,1.1107,1.1107,0.043204
375,7,1.4597,27,9,18,1.1885,1.141,0.14198
376,7,1.3112,12,6,6,1.1147,1.1147,0.12332
377,7,1.3361,12,3,9,1.0742,1.0415,0.086006
378,8,1.4485,48,9,39,1.1592,1.1711,0.11518
379,8,1.3421,15,6,9,1.2245,1.2122,0.10594
380,8,1.1691,12,6,6,1.1138,1.1138,0.03776
381,8,2.0246,30,6,24,1.3823,1.281,0.37582
382,9,1.599,27,6,21,1.2858,1.3097,0.20839
383,9,3.2447,117,18,99,1.8624,1.8221,0.56203
384,10,1.6517,21,3,18,1.4082,1.4674,0.22123
385,10,1.6954,12,6,6,1.3115,1.3115,0.23292
386,10,1.5765,33,3,30,1.1453,1.1145,0.12677
387,10,1.4525,21,12,9,1.2322,1.2568,0.19035
388,10,1.4595,18,6,12,1.2241,1.2332,0.15662
389,11,2.8993,54,27,27,1.9847,2.1805,0.54647
390,11,2.7962,75,24,51,1.7509,1.3495,0.6517
391,11,2.7102,66,24,42,1.908,1.8936,0.47532
392,11,1.3817,18,12,6,1.1498,1.1498,0.14828
393,12,1.2855,12,3,9,1.1698,1.1742,0.097923
394,12,4.3283,138,108,30,2.1016,1.8468,0.93394
395,12,1.8122,81,36,45,1.3294,1.1998,0.22965
396,12,1.6389,15,0,15,1.3563,1.3468,0.22233
397,12,1.8571,12,3,9,1.2841,1.272,0.22604
398,1,1.4755,42,3,39,1.253,1.2641,0.13902
399,1,1.7477,27,18,9,1.4389,1.4535,0.21482
400,1,1.2698,12,6,6,1.1649,1.1649,0.068165
401,1,2.9442,93,21,72,1.7592,1.7197,0.50034
402,1,1.8847,36,27,9,1.4494,1.4327,0.33881
403,1,1.7339,42,15,27,1.5067,1.6276,0.24198
404,2,2.1317,15,6,9,1.5014,1.4797,0.32784
405,2,2.7339,60,30,30,1.6494,1.6254,0.50731
406,2,1.9656,36,6,30,1.4112,1.382,0.26439
407,2,2.4935,66,18,48,1.7791,1.8055,0.2909
408,3,2.8712,135,66,69,1.7362,1.6908,0.39804
409,3,1.6765,24,6,18,1.2965,1.27,0.23285
410,3,2.568,39,9,30,1.6784,1.6667,0.53216
411,3,2.5834,51,21,30,1.6371,1.424,0.53962
412,3,1.4755,48,18,30,1.2551,1.2409,0.12315
413,4,1.9581,33,15,18,1.5369,1.617,0.28842
414,5,1.4474,12,6,6,1.1492,1.1492,0.093762
415,5,1.2802,24,9,15,1.1029,1.0814,0.09275
416,6,1.4595,18,12,6,1.244,1.244,0.17621
417,7,1.543,84,39,45,1.1939,1.158,0.16791
418,7,1.1555,15,3,12,1.1023,1.1096,0.021925
419,8,1.6777,48,3,45,1.2384,1.1946,0.17937
420,8,1.518,18,6,12,1.3255,1.3417,0.16479
421,9,1.5438,42,27,15,1.2657,1.2371,0.13648
422,9,1.9406,51,18,33,1.5244,1.5207,0.17989
423,9,2.2234,69,57,12,1.4273,1.3998,0.31104
424,9,1.3143,12,3,9,1.1658,1.1664,0.11245
425,9,1.3286,33,15,18,1.2023,1.1995,0.074318
426,10,2.3347,18,3,15,1.6223,1.6426,0.43471
427,10,1.3557,21,18,3,1.0901,1.0901,0
428,10,1.3425,15,3,12,1.187,1.1986,0.11005
429,10,1.262,39,24,15,1.1121,1.1257,0.072573
430,10,2.2591,51,21,30,1.8241,1.9821,0.37231
431,10,1.4657,15,9,6,1.2524,1.2524,0.12841
432,10,1.8767,18,3,15,1.3152,1.2509,0.28759
433,11,1.4123,57,21,36,1.2571,1.2639,0.081501
434,11,1.9792,42,12,30,1.5043,1.4959,0.22775
435,11,2.4337,51,24,27,1.7131,1.7367,0.45968
436,12,1.5454,42,15,27,1.2321,1.1733,0.17144
437,12,1.5618,24,12,12,1.2734,1.2848,0.17049
438,12,1.7746,30,9,21,1.3913,1.3745,0.27006
439,12,1.2082,12,3,9,1.0439,1.015,0.051536
440,12,1.8499,15,3,12,1.3849,1.3675,0.26207
441,12,1.6572,54,45,9,1.4847,1.5587,0.1828
442,12,1.5736,33,6,27,1.3456,1.3418,0.11898
443,1,2.0669,15,6,9,1.4059,1.3828,0.30082
444,1,1.8298,21,9,12,1.3699,1.3605,0.29967
445,1,1.1993,12,0,12,1.1237,1.1146,0.05537
446,1,2.3295,33,18,15,1.526,1.449,0.46647
447,1,1.351,15,6,9,1.1641,1.1621,0.15406
448,1,1.2894,15,6,9,1.1244,1.1187,0.061301
449,1,1.2031,18,12,6,1.1123,1.1123,0.081883
450,1,1.742,27,12,15,1.3818,1.3789,0.22581
451,1,1.4156,39,15,24,1.2692,1.2682,0.11091
452,2,1.3032,24,18,6,1.1598,1.1598,0.10055
453,2,1.225,24,15,9,1.1066,1.0808,0.10642
454,2,2.542,42,15,27,1.8319,1.8658,0.47588
455,2,2.4359,30,6,24,1.6314,1.5886,0.47712
456,2,2.3194,39,18,21,1.6898,1.7432,0.40532
457,4,1.3031,15,9,6,1.0975,1.0975,0.10225
458,4,1.7406,51,36,15,1.3596,1.3238,0.21043
459,5,1.1243,21,3,18,1.0323,1.0193,0.032151
460,5,1.5106,30,12,18,1.3906,1.4496,0.13213
461,5,2.1604,93,45,48,1.3821,1.4092,0.22663
462,6,1.5989,15,12,3,1.2594,1.2594,0
463,8,1.761,42,27,15,1.2644,1.1781,0.25171
464,9,2.4142,84,30,54,1.5626,1.547,0.42614
465,9,1.4216,24,3,21,1.2159,1.2152,0.12268
466,9,1.1511,15,12,3,1.0482,1.0482,0
467,10,1.6402,12,3,9,1.3042,1.3108,0.18754
468,10,2.0173,42,30,12,1.3301,1.3099,0.23863
469,10,1.4135,21,15,6,1.2253,1.2253,0.13322
470,10,2.4685,42,15,27,1.7453,1.7125,0.42919
471,11,1.532,18,9,9,1.2456,1.2334,0.2207
472,11,1.1361,15,9,6,1.089,1.089,0.0079903
473,11,1.7066,27,21,6,1.4664,1.4664,0.31339
474,11,1.4752,15,6,9,1.2486,1.2509,0.18926
475,11,1.4368,42,33,9,1.2302,1.2461,0.13008
476,11,1.418,12,6,6,1.1183,1.1183,0.11547
477,11,1.1556,12,6,6,1.0818,1.0818,0.03486
478,12,1.2768,18,15,3,1.0795,1.0795,0
479,12,2.2484,60,9,51,1.6649,1.6908,0.37686
480,12,1.5092,27,9,18,1.3188,1.3697,0.15842
481,12,2.5229,51,30,21,2.0901,2.3518,0.48913
482,12,1.4698,24,3,21,1.2053,1.1345,0.13844
483,12,1.5267,33,18,15,1.2848,1.3287,0.17177
484,12,1.5864,21,6,15,1.2667,1.3215,0.11869
485,12,1.9836,42,9,33,1.49,1.3715,0.36755
486,12,2.8901,66,45,21,1.9563,1.9414,0.68394
487,1,2.5115,117,96,21,1.6018,1.5292,0.49885
488,1,1.6932,27,12,15,1.349,1.3557,0.25677
489,1,2.0858,60,42,18,1.6251,1.6358,0.36142
490,1,4.3017,45,18,27,2.3595,2.3108,0.92087
491,1,1.3665,18,9,9,1.1863,1.204,0.062405
492,1,1.2881,24,6,18,1.1334,1.1293,0.041751
493,2,2.2529,75,27,48,1.6213,1.6959,0.32353
494,2,1.8283,81,24,57,1.3077,1.2545,0.21292
495,2,3.4359,39,21,18,1.9717,1.8681,0.7385
496,3,1.8184,48,15,33,1.4315,1.4179,0.21228
497,3,1.4951,15,6,9,1.2155,1.2019,0.098957
498,3,1.5629,33,12,21,1.1763,1.0555,0.21669
499,3,1.3245,12,9,3,1.1779,1.1779,0
500,4,1.8993,24,18,6,1.3129,1.3129,0.26566
501,4,1.9012,48,9,39,1.4196,1.4088,0.22925
502,5,1.1566,15,3,12,1.0546,1.0486,0.049208
503,5,1.5142,24,9,15,1.3218,1.3874,0.18786
504,7,1.9562,39,12,27,1.512,1.5779,0.26623
505,8,1.3343,18,12,6,1.1675,1.1675,0.1125
506,9,1.9277,18,6,12,1.4484,1.468,0.32915
507,9,4.1395,51,18,33,2.5588,2.3915,1.0386
508,9,1.9354,63,27,36,1.5209,1.5949,0.239
509,9,1.3283,30,9,21,1.1493,1.1241,0.073809
510,9,1.1096,12,0,12,1.0127,1.0152,0.0087068
511,10,2.7766,141,114,27,1.7557,1.8205,0.45902
512,10,1.1856,15,6,9,1.0812,1.0786,0.057595
513,10,1.1625,12,3,9,1.084,1.0963,0.04614
514,11,1.2686,27,18,9,1.1353,1.1475,0.1008
515,11,1.6456,24,12,12,1.3052,1.3237,0.22934
516,11,2.896,63,39,24,1.9479,1.9194,0.70935
517,11,1.2886,12,6,6,1.1322,1.1322,0.1248
518,11,1.6284,21,12,9,1.3058,1.3027,0.22042
519,11,1.7573,27,6,21,1.4219,1.503,0.15411
520,11,1.6096,24,9,15,1.3295,1.3264,0.19355
521,11,2.78,36,9,27,1.9845,2.0192,0.50094
522,11,1.3238,15,12,3,1.1169,1.1169,0
523,12,1.2641,12,9,3,1.2035,1.2035,0
524,12,1.725,36,24,12,1.38,1.3905,0.28004
525,12,1.316,12,6,6,1.225,1.225,0.084358
526,12,2.0073,21,6,15,1.5036,1.5587,0.32749
527,12,1.8647,39,9,30,1.4106,1.4579,0.26628
528,1,1.4759,18,9,9,1.1732,1.1494,0.16033
529,1,1.2709,18,6,12,1.1423,1.1431,0.091407
530,1,3.4385,114,39,75,1.9447,1.9846,0.6081
531,1,2.3566,39,27,12,1.619,1.586,0.50261
532,1,3.2523,132,33,99,1.9793,1.7354,0.67366
533,1,2.0269,54,9,45,1.4663,1.4139,0.2817
534,2,2.7772,87,63,24,1.5624,1.5336,0.41317
535,2,1.2202,15,9,6,1.1431,1.1431,0.042921
536,2,2.0903,21,6,15,1.4498,1.4119,0.31318
537,2,2.1446,24,9,15,1.654,1.6338,0.30457
538,2,3.6518,39,6,33,1.9186,1.6419,0.83875
539,2,1.6504,24,12,12,1.3199,1.3145,0.22544
540,3,1.203,12,9,3,1.0484,1.0484,0
541,3,2.6756,99,63,36,1.8511,1.9584,0.50403
542,3,1.5541,30,18,12,1.2788,1.2657,0.19663
543,3,1.4905,15,9,6,1.1807,1.1807,0.11589
544,3,1.8107,33,15,18,1.3788,1.4199,0.25848
545,4,2.4255,57,21,36,1.6061,1.4865,0.38636
546,4,1.7177,12,6,6,1.3,1.3,0.27874
547,5,1.5514,15,3,12,1.2753,1.2774,0.20044
548,6,1.3187,18,9,9,1.1261,1.109,0.13477
549,6,1.4436,30,9,21,1.1634,1.1806,0.072925
550,7,1.8613,48,21,27,1.3817,1.3342,0.20849
551,7,1.1637,21,9,12,1.0876,1.0771,0.028798
552,8,1.8119,30,6,24,1.2612,1.1091,0.27241
553,8,1.2298,12,3,9,1.1662,1.1725,0.058851
554,9,1.2758,21,3,18,1.0832,1.0533,0.097128
555,9,1.2568,18,12,6,1.1317,1.1317,0.10041
556,9,1.2889,12,3,9,1.1204,1.1146,0.11531
557,10,1.2161,33,9,24,1.1071,1.1138,0.05973
558,10,1.6852,15,3,12,1.2733,1.2579,0.20747
559,10,1.6721,30,15,15,1.3412,1.3266,0.25148
560,10,1.4056,21,9,12,1.2209,1.2134,0.12678
561,10,1.5085,27,24,3,1.2613,1.2613,0
562,11,1.4572,54,36,18,1.2915,1.3084,0.10375
563,11,1.5634,30,18,12,1.3327,1.3457,0.18735
564,12,1.5181,39,3,36,1.3383,1.3785,0.13783
565,12,1.5926,12,6,6,1.1909,1.1909,0.17692
566,12,1.7483,30,15,15,1.4092,1.4989,0.26603
567,12,1.3352,24,18,6,1.2258,1.2258,0.088318
568,12,3.079,63,30,33,1.7573,1.6748,0.56882
569,12,1.2541,12,9,3,1.1608,1.1608,0
570,1,2.5853,93,66,27,1.8407,1.985,0.47177
571,1,1.4475,15,9,6,1.2155,1.2155,0.16256
572,1,2.0168,39,18,21,1.4557,1.4201,0.25099
573,2,1.3975,21,15,6,1.2272,1.2272,0.11469
574,2,1.5574,18,3,15,1.2913,1.3049,0.21115
575,3,1.7349,15,6,9,1.291,1.2708,0.27356
576,3,2.5299,45,12,33,1.847,1.9219,0.41072
577,3,2.6868,42,18,24,2.1598,2.2972,0.44417
578,4,1.7337,39,27,12,1.3775,1.3816,0.22297
579,4,1.3748,24,3,21,1.2229,1.259,0.12095
580,5,1.5277,24,12,12,1.261,1.2671,0.18632
581,5,1.6652,15,6,9,1.3194,1.3159,0.17113
582,5,1.5164,18,3,15,1.2689,1.2953,0.20177
583,6,1.5947,21,9,12,1.3212,1.3243,0.21603
584,6,2.4557,54,18,36,1.8125,1.8735,0.45459
585,8,1.9119,30,12,18,1.4407,1.4378,0.26045
586,8,1.2271,12,6,6,1.177,1.177,0.057276
587,8,1.427,21,9,12,1.1751,1.1523,0.16974
588,9,1.3365,15,9,6,1.1252,1.1252,0.11391
589,9,2.432,51,18,33,1.6621,1.6624,0.35702
590,10,2.2242,30,9,21,1.5307,1.4459,0.41294
591,10,1.8299,36,9,27,1.2683,1.224,0.15846
592,10,2.3736,42,6,36,1.5563,1.7098,0.32218
593,10,1.6166,18,9,9,1.3701,1.3787,0.15258
594,10,1.2695,45,33,12,1.1327,1.1456,0.10402
595,11,1.619,42,15,27,1.4215,1.4803,0.16884
596,11,1.1222,24,21,3,1.0599,1.0599,0
597,11,1.4661,18,9,9,1.2338,1.2983,0.17245
598,11,1.8656,30,21,9,1.3837,1.3647,0.26017
599,11,1.3759,12,3,9,1.1759,1.1811,0.16901
600,11,1.813,30,15,15,1.4482,1.4549,0.28559
601,11,1.179,18,9,9,1.0708,1.0835,0.061639
602,11,2.5713,57,33,24,2.0437,2.1784,0.53145
603,11,2.5412,60,27,33,1.851,1.9711,0.4614
604,12,1.3483,18,6,12,1.2431,1.2597,0.089814
605,12,1.6462,27,6,21,1.3531,1.3693,0.13077
606,12,1.9294,45,24,21,1.4681,1.4404,0.2998
607,12,1.1972,15,12,3,1.0167,1.0167,0
608,12,1.6051,33,21,12,1.3364,1.3611,0.25575
609,1,2.7939,33,12,21,1.8589,1.8471,0.52357
610,1,1.8232,48,36,12,1.3789,1.3881,0.28603
611,1,1.2486,30,6,24,1.1403,1.1435,0.048084
612,1,1.2162,15,12,3,1.1387,1.1387,0
613,1,1.79,60,3,57,1.2783,1.2302,0.17892
614,1,1.8859,21,3,18,1.3957,1.3648,0.23722
615,1,1.587,18,6,12,1.2441,1.2365,0.1677
616,2,1.4031,12,6,6,1.1842,1.1842,0.16716
617,2,1.8419,24,9,15,1.4215,1.391,0.28197
618,2,1.5056,24,3,21,1.2694,1.3073,0.17377
619,2,2.3129,102,15,87,1.3581,1.2368,0.3062
620,2,1.4845,12,6,6,1.1505,1.1505,0.17296
621,2,1.4613,27,3,24,1.2178,1.1913,0.13577
622,2,1.9186,15,6,9,1.4579,1.4262,0.28085
623,2,1.7509,27,9,18,1.274,1.251,0.15721
624,3,1.5224,18,12,6,1.1843,1.1843,0.16822
625,3,1.7174,72,48,24,1.2441,1.1745,0.21202
626,3,1.7515,30,15,15,1.3402,1.289,0.20217
627,3,2.6165,39,9,30,1.7259,1.7088,0.48888
628,3,1.5434,21,9,12,1.27,1.2445,0.1459
629,4,2.1022,39,27,12,1.5362,1.4655,0.37331
630,4,1.3127,21,15,6,1.1218,1.1218,0.081459
631,4,3.47,48,21,27,1.9798,1.9108,0.68124
632,4,1.458,12,6,6,1.2253,1.2253,0.15535
633,5,1.2166,18,6,12,1.1216,1.1438,0.072889
634,5,1.1953,12,6,6,1.1471,1.1471,0.02185
635,5,2.3279,24,6,18,1.593,1.5605,0.38573
636,6,1.3897,15,6,9,1.1453,1.1278,0.11877
637,6,1.9515,45,12,33,1.3066,1.1815,0.29595
638,6,1.5533,30,12,18,1.256,1.1725,0.19197
639,7,1.3679,30,24,6,1.1669,1.1669,0.18102
640,8,1.2872,15,12,3,1.1157,1.1157,0
641,8,3.6722,75,12,63,2.2074,2.0793,0.629
642,9,1.4215,15,3,12,1.1739,1.1677,0.088775
643,9,1.2116,12,6,6,1.1194,1.1194,0.0072125
644,9,2.4172,57,9,48,1.6618,1.6555,0.52595
645,10,1.9986,24,6,18,1.4246,1.4182,0.32825
646,10,2.0385,96,78,18,1.4788,1.4638,0.37308
647,11,1.5359,27,18,9,1.3262,1.325,0.189
648,11,2.2875,51,33,18,1.5116,1.4396,0.44598
649,11,2.2658,33,9,24,1.6416,1.7426,0.40471
650,11,1.2981,15,6,9,1.1654,1.1945,0.10172
651,11,2.9953,51,30,21,1.8082,1.7059,0.70236
652,12,1.705,36,24,12,1.3733,1.395,0.1843
653,12,2.3209,42,21,21,1.7511,1.8863,0.32914
654,12,1.4977,21,6,15,1.2652,1.28,0.13121
655,2,1.6481,30,9,21,1.3878,1.4381,0.21618
656,2,1.7946,15,6,9,1.4867,1.5382,0.2669
657,2,2.3467,36,21,15,1.503,1.4567,0.41436
658,2,2.3022,42,18,24,1.6564,1.6869,0.43244
659,2,1.2104,15,6,9,1.0808,1.0787,0.076022
660,3,1.6549,27,6,21,1.2682,1.2443,0.16003
661,4,1.3445,15,6,9,1.0945,1.0546,0.095483
662,4,1.7907,36,15,21,1.2406,1.2127,0.16343
663,5,1.3987,15,3,12,1.2502,1.2817,0.093461
664,5,1.4436,30,18,12,1.1818,1.1866,0.11137
665,5,1.7592,33,12,21,1.2728,1.1772,0.23351
666,6,1.5359,27,12,15,1.1408,1.0741,0.15931
667,7,1.5515,24,9,15,1.3305,1.4012,0.12961
668,7,1.3041,33,9,24,1.1306,1.1351,0.075952
669,9,2.4564,123,66,57,1.5345,1.5805,0.42214
670,9,1.8287,15,3,12,1.4042,1.4133,0.24022
671,9,2.7653,78,51,27,1.767,1.6611,0.51569
672,10,2.2202,24,6,18,1.5843,1.4756,0.37874
673,11,1.3807,36,3,33,1.2459,1.2926,0.12379
674,11,1.764,111,27,84,1.2904,1.3036,0.17191
675,11,1.5024,21,3,18,1.1579,1.0807,0.17567
676,12,3.1396,60,33,27,1.9194,1.8601,0.64853
677,12,1.834,15,6,9,1.3873,1.3611,0.25362
678,12,1.2112,15,3,12,1.1427,1.1656,0.073799
679,12,1.5031,30,24,6,1.2366,1.2366,0.15104
680,12,2.4737,42,15,27,1.7146,1.6681,0.44275
681,12,1.44,18,12,6,1.1563,1.1563,0.12544
682,1,1.1764,12,6,6,1.0766,1.0766,0.084711
683,1,1.3545,24,15,9,1.2207,1.2687,0.15783
684,1,1.7272,24,9,15,1.3647,1.3547,0.23909
685,1,1.7769,42,18,24,1.4273,1.4346,0.30346
686,1,2.6251,69,45,24,1.9594,2.1019,0.53479
687,2,1.1679,18,9,9,1.094,1.1038,0.071009
688,2,2.1536,33,18,15,1.505,1.4349,0.39792
689,2,1.3633,12,9,3,1.1761,1.1761,0
690,2,2.1435,27,6,21,1.66,1.6976,0.35696
691,2,1.6899,57,3,54,1.3749,1.3654,0.16219
692,2,1.1475,12,6,6,1.1113,1.1113,0.050487
693,2,3.0227,57,36,21,1.6294,1.4236,0.56887
694,2,1.6689,12,3,9,1.3134,1.3542,0.24788
695,2,1.5556,18,9,9,1.2706,1.2568,0.17321
696,3,2.4322,48,12,36,1.7802,1.7663,0.4408
697,3,1.8461,54,6,48,1.263,1.2536,0.19525
698,3,1.422,18,6,12,1.2797,1.3051,0.12451
699,3,1.8958,27,15,12,1.4301,1.4027,0.26594
700,4,1.3342,15,9,6,1.2006,1.2006,0.036275
701,4,1.7914,36,15,21,1.3746,1.3263,0.23182
702,4,3.9406,69,30,39,2.5243,2.7663,0.78372
703,4,1.7232,66,36,30,1.199,1.1489,0.18472
704,4,1.3078,12,3,9,1.1458,1.1329,0.14184
705,5,1.5162,21,3,18,1.2088,1.181,0.12545
706,5,1.9793,69,15,54,1.3759,1.395,0.20501
707,6,1.2284,24,6,18,1.078,1.0835,0.042971
708,7,1.2175,12,6,6,1.1213,1.1213,0.070074
709,7,1.3698,18,9,9,1.1677,1.1858,0.12504
710,7,1.2584,21,12,9,1.1409,1.1466,0.056917
711,7,1.1747,15,9,6,1.1485,1.1485,0.029911
712,7,1.5465,18,9,9,1.2856,1.2714,0.20667
713,9,2.657,105,72,33,1.8317,1.8173,0.49905
714,9,1.5463,36,9,27,1.3384,1.3561,0.12048
715,9,1.1095,12,9,3,1.04,1.04,0
716,9,1.3487,39,12,27,1.1803,1.193,0.061291
717,9,1.8807,42,27,15,1.3626,1.352,0.25304
718,10,1.9805,42,9,33,1.4125,1.3497,0.24358
719,10,2.5922,48,27,21,1.812,1.8292,0.50345
720,10,1.7827,12,6,6,1.4514,1.4514,0.3211
721,10,1.8822,45,6,39,1.2867,1.2728,0.21384
722,10,1.57,75,24,51,1.3464,1.3669,0.14844
723,10,1.8726,90,15,75,1.4012,1.4425,0.17152
724,10,1.2175,15,12,3,1.1518,1.1518,0
725,11,1.3723,18,15,3,1.1406,1.1406,0
726,11,2.471,21,3,18,1.5649,1.4661,0.50211
727,11,1.3546,30,12,18,1.2151,1.2226,0.11216
728,12,1.2824,24,12,12,1.1079,1.0931,0.091027
729,1,1.5841,18,3,15,1.2416,1.1848,0.14535
730,1,1.0958,12,6,6,1.0282,1.0282,0.0074246
731,1,1.6179,24,9,15,1.33,1.3454,0.21277
732,1,4.3978,144,99,45,2.1098,1.6445,1.0284
733,2,1.5053,36,30,6,1.1619,1.1619,0.14644
734,2,1.3258,18,6,12,1.1805,1.2082,0.109
735,2,1.6117,30,24,6,1.2029,1.2029,0.19035
736,2,2.0652,93,6,87,1.3988,1.2509,0.33612
737,2,1.744,15,6,9,1.468,1.4839,0.23121
738,2,1.2478,15,3,12,1.1271,1.1424,0.068914
739,2,2.3819,78,66,12,1.5077,1.4335,0.45529
740,3,1.4417,12,6,6,1.2841,1.2841,0.15606
741,3,1.6019,15,9,6,1.2399,1.2399,0.17091
742,3,1.95,24,9,15,1.5857,1.6262,0.33249
743,3,3.0113,36,12,24,2.0434,2.1506,0.56133
744,3,1.3751,21,12,9,1.1542,1.1518,0.12737
745,3,1.4005,15,6,9,1.2175,1.2222,0.11108
746,4,1.357,12,6,6,1.2149,1.2149,0.091995
747,5,1.7075,21,9,12,1.3222,1.3035,0.18885
748,5,1.2252,12,9,3,1.0754,1.0754,0
749,5,2.0706,36,24,12,1.4392,1.4098,0.32181
750,6,1.6185,72,45,27,1.3401,1.3541,0.14594
751,7,1.4307,27,21,6,1.1641,1.1641,0.12473
752,7,1.4268,12,6,6,1.3081,1.3081,0.11073
753,8,1.3668,18,12,6,1.2039,1.2039,0.13916
754,8,2.2537,21,3,18,1.6302,1.6469,0.44931
755,8,1.2712,15,9,6,1.1831,1.1831,0.057205
756,8,1.4992,30,15,15,1.3144,1.3429,0.090848
757,8,1.4444,30,21,9,1.3228,1.3618,0.13223
758,9,1.332,57,21,36,1.1185,1.1054,0.076163
759,10,1.4054,15,6,9,1.2117,1.197,0.17611
760,10,1.1584,12,0,12,1.0989,1.1135,0.064431
761,10,2.2428,39,24,15,1.7217,1.7536,0.37275
762,10,2.053,30,9,21,1.5479,1.5089,0.32022
763,10,1.4381,15,6,9,1.1082,1.082,0.12326
764,10,2.4067,105,66,39,1.507,1.444,0.28832
765,11,1.7055,18,6,12,1.3305,1.376,0.19935
766,11,2.3482,24,3,21,1.4874,1.4946,0.31108
767,12,1.2076,12,6,6,1.0921,1.0921,0.10981
768,12,1.5989,39,15,24,1.2823,1.3087,0.13349
769,12,1.6971,27,15,12,1.2726,1.2759,0.219
770,12,1.8249,12,3,9,1.3962,1.3958,0.2507
771,12,1.2031,12,6,6,1.1406,1.1406,0.050346
772,12,2.3071,39,12,27,1.3283,1.2824,0.26491
773,1,1.2404,12,9,3,1.1725,1.1725,0
774,1,1.2938,18,6,12,1.144,1.1382,0.1005
775,1,1.9861,24,6,18,1.3591,1.269,0.35298
776,1,2.0517,63,45,18,1.5797,1.64,0.32134
777,2,1.5491,18,3,15,1.2746,1.3345,0.15548
778,2,3.0337,69,12,57,2.0781,2.0899,0.43026
779,2,1.2466,21,6,15,1.0895,1.0778,0.086581
780,2,2.739,54,27,27,1.9056,1.8861,0.57257
781,3,1.6015,15,6,9,1.427,1.4662,0.18962
782,3,1.2971,21,6,15,1.2149,1.2649,0.091916
783,4,1.6297,15,6,9,1.1566,1.1068,0.18626
784,4,1.2049,12,0,12,1.0761,1.0728,0.051713
785,6,2.302,36,12,24,1.5076,1.4379,0.40347
786,7,1.4213,27,12,15,1.1914,1.1934,0.083319
787,8,1.6717,27,18,9,1.3206,1.3102,0.26211
788,10,1.4903,21,9,12,1.1111,1.0842,0.11309
789,10,1.2701,12,6,6,1.0702,1.0702,0.086833
790,10,2.5605,30,12,18,1.7133,1.6797,0.56402
791,10,2.3901,63,27,36,1.6738,1.6885,0.3855
792,10,1.9692,57,33,24,1.4559,1.4958,0.26036
793,10,1.6863,24,12,12,1.2893,1.273,0.17972
794,10,1.3046,21,6,15,1.1254,1.0791,0.088784
795,11,1.2281,30,27,3,1.0918,1.0918,0
796,11,2.0271,39,12,27,1.592,1.5028,0.29166
797,11,1.4996,15,9,6,1.2472,1.2472,0.18095
798,11,4.146,105,84,21,2.0935,1.7404,1.0232
799,12,1.831,57,45,12,1.382,1.3668,0.30591
800,12,2.2916,105,42,63,1.6393,1.7244,0.43549
801,12,1.1875,12,3,9,1.0887,1.0886,0.0395
802,12,1.6078,18,9,9,1.3146,1.348,0.24219
803,12,1.685,30,21,9,1.3609,1.3906,0.18312
804,1,3.2032,138,45,93,2.2391,2.3222,0.60292
805,1,1.4513,48,15,33,1.1987,1.2171,0.11765
806,1,1.6763,27,12,15,1.2663,1.2162,0.25396
807,1,2.6272,57,24,33,1.67,1.5891,0.48778
808,2,2.215,60,9,51,1.4851,1.4898,0.26985
809,2,1.4527,21,12,9,1.2479,1.2461,0.14291
810,3,1.3766,12,6,6,1.1912,1.1912,0.16758
811,3,1.9103,63,21,42,1.3913,1.2494,0.28766
812,3,2.1703,30,18,12,1.5329,1.5023,0.42373
813,3,2.0415,54,39,15,1.5646,1.6427,0.31454
814,3,2.5244,72,57,15,1.727,1.6668,0.54027
815,4,2.013,24,6,18,1.5356,1.6021,0.30795
816,4,1.2066,18,3,15,1.1404,1.1799,0.075564
817,5,1.5197,30,21,9,1.2673,1.2818,0.15521
818,6,1.698,24,15,9,1.3234,1.3026,0.27833
819,6,1.1752,18,12,6,1.1109,1.1109,0.068236
820,6,1.3069,39,24,15,1.0773,1.0756,0.047573
821,7,1.2839,12,6,6,1.1326,1.1326,0.10967
822,7,1.2541,12,6,6,1.165,1.165,0.071983
823,7,1.2313,12,3,9,1.1216,1.1356,0.080959
824,8,1.2892,24,3,21,1.1263,1.1014,0.067585
825,8,1.9764,45,27,18,1.5023,1.5145,0.36073
826,9,2.186,36,12,24,1.512,1.5261,0.2854
827,10,1.1556,12,6,6,1.0553,1.0553,0.056356
828,10,1.2595,12,3,9,1.2016,1.2079,0.060345
829,10,1.3651,18,12,6,1.2472,1.2472,0.13895
830,11,1.2599,24,18,6,1.1823,1.1823,0.10614
831,12,2.3005,33,15,18,1.6613,1.6675,0.46562
832,1,2.5729,60,33,27,1.7257,1.6915,0.53163
833,1,1.2681,48,12,36,1.1362,1.1298,0.060504
834,2,2.9624,36,18,18,1.7188,1.6073,0.58737
835,2,2.3064,93,42,51,1.4267,1.385,0.33975
836,3,1.7131,39,21,18,1.4106,1.4974,0.17652
837,4,2.3696,45,9,36,1.6374,1.7431,0.39855
838,4,1.5222,21,12,9,1.1888,1.1875,0.1766
839,5,1.5268,18,9,9,1.2656,1.2669,0.1671
840,5,1.3437,42,6,36,1.1244,1.0993,0.081639
841,6,1.213,12,3,9,1.1173,1.1295,0.077173
842,6,1.9639,42,15,27,1.4198,1.3615,0.31845
843,8,1.7668,27,12,15,1.423,1.4518,0.21655
844,9,2.1765,30,15,15,1.6631,1.6676,0.2972
845,9,1.5453,15,6,9,1.1446,1.1122,0.14288
846,10,2.3105,30,15,15,1.5025,1.4954,0.41213
847,10,2.147,66,45,21,1.3611,1.1026,0.41221
848,10,2.9811,81,30,51,1.6594,1.2448,0.71344
849,11,2.3471,78,27,51,1.4003,1.3773,0.26575
850,11,1.507,15,3,12,1.1931,1.1551,0.12086
851,11,2.9272,84,15,69,1.6603,1.6545,0.34454
852,11,1.24,21,12,9,1.1314,1.1435,0.097912
853,11,3.209,81,42,39,1.7021,1.3954,0.65348
854,11,1.979,18,6,12,1.4873,1.4924,0.30789
855,11,2.8121,72,45,27,1.7819,1.6,0.51331
856,12,1.1699,12,6,6,1.085,1.085,0.066751
857,12,1.344,45,9,36,1.2837,1.3003,0.0502
858,12,1.3135,15,6,9,1.1425,1.1455,0.03146
859,12,3.1366,90,27,63,1.985,2.0089,0.43335
860,12,2.0228,39,18,21,1.6034,1.6264,0.374
861,12,3.8439,93,75,18,2.2971,2.2239,0.80836
862,1,1.362,15,6,9,1.1619,1.1168,0.080785
863,1,1.3848,12,3,9,1.2137,1.2426,0.070295
864,1,1.3437,21,15,6,1.1206,1.1206,0.071418
865,1,2.7553,54,12,42,1.5886,1.5136,0.46061
866,1,3.6693,48,15,33,2.1786,2.0758,0.73294
867,1,1.7694,12,6,6,1.3742,1.3742,0.2337
868,2,2.0839,93,60,33,1.3446,1.2104,0.32949
869,2,1.8216,30,18,12,1.3974,1.4044,0.29757
870,2,2.1336,30,15,15,1.6511,1.7354,0.4651
871,2,2.1415,39,9,30,1.3291,1.2748,0.21214
872,2,1.3392,21,6,15,1.0999,1.1022,0.052353
873,2,2.0983,30,6,24,1.5062,1.5289,0.18666
874,3,1.6231,33,6,27,1.2811,1.2427,0.14819
875,3,1.805,54,15,39,1.4042,1.3896,0.19827
876,3,1.5135,21,6,15,1.315,1.3456,0.14955
877,3,1.4371,21,9,12,1.2188,1.2373,0.10855
878,3,1.8339,60,36,24,1.4787,1.6029,0.25469
879,4,1.3265,12,6,6,1.2159,1.2159,0.10706
880,6,1.969,30,12,18,1.5418,1.5566,0.27884
881,6,1.1359,12,3,9,1.0448,1.0349,0.04905
882,6,1.2275,15,9,6,1.126,1.126,0.066044
883,7,1.3577,15,6,9,1.1922,1.1543,0.097576
884,9,1.2409,24,6,18,1.118,1.1245,0.071009
885,9,1.5472,36,3,33,1.3471,1.3128,0.13289
886,9,1.3254,12,6,6,1.1123,1.1123,0.10699
887,9,1.4112,24,15,9,1.2197,1.2372,0.1438
888,10,2.0466,75,24,51,1.5208,1.5304,0.27646
889,10,1.1728,15,9,6,1.0913,1.0913,0.066114
890,10,1.2485,18,0,18,1.0774,1.081,0.041397
891,10,1.8447,18,9,9,1.3189,1.3149,0.21748
892,10,1.4936,18,6,12,1.2533,1.2543,0.18612
893,10,2.8815,36,3,33,1.5995,1.4884,0.41012
894,11,1.4977,18,6,12,1.2266,1.22,0.18443
895,11,1.6754,18,6,12,1.383,1.4219,0.27336
896,11,1.3066,36,24,12,1.1487,1.1589,0.10778
897,11,1.4309,33,21,12,1.1023,1.0872,0.097291
898,12,1.1189,15,3,12,1.0815,1.0907,0.039162
899,12,1.4049,12,6,6,1.1801,1.1801,0.13188
900,12,1.2627,27,21,6,1.1507,1.1507,0.054377
901,12,1.7022,21,3,18,1.3858,1.3959,0.24934
902,12,1.9296,57,12,45,1.349,1.278,0.18782
903,1,1.2792,18,6,12,1.175,1.1871,0.092446
904,1,1.425,24,12,12,1.2421,1.2694,0.17882
905,1,1.7085,18,9,9,1.4204,1.4314,0.20932
906,1,1.3406,15,9,6,1.1052,1.1052,0.073115
907,1,2.3583,72,6,66,1.5683,1.4817,0.35431
908,1,2.0348,24,9,15,1.3055,1.1219,0.39506
909,1,1.1816,30,24,6,1.0996,1.0996,0.075307
910,2,1.4141,27,12,15,1.2547,1.3084,0.13878
911,2,1.9781,39,24,15,1.5299,1.5432,0.31941
912,2,1.6075,24,9,15,1.3358,1.3926,0.1873
913,3,2.863,36,15,21,2.0417,2.0022,0.68771
914,3,2.4216,24,9,15,1.6035,1.5368,0.44024
915,3,1.4995,30,15,15,1.2821,1.3088,0.17531
916,4,3.7976,108,24,84,2.3133,2.0831,0.6951
917,4,1.216,18,0,18,1.0859,1.0919,0.059933
918,5,1.405,12,6,6,1.1833,1.1833,0.10529
919,6,1.2444,12,9,3,1.123,1.123,0
920,6,1.8017,33,24,9,1.4693,1.484,0.21977
921,6,1.6318,21,3,18,1.2235,1.1422,0.20729
922,8,1.3349,18,9,9,1.1646,1.1759,0.069443
923,8,1.9096,48,9,39,1.3436,1.237,0.22695
924,8,1.6128,69,36,33,1.4135,1.4705,0.19177
925,8,2.5223,33,15,18,1.5928,1.5761,0.38983
926,9,1.5315,21,6,15,1.2812,1.3399,0.13483
927,10,2.2291,132,72,60,1.6278,1.6689,0.23503
928,10,1.4718,27,9,18,1.2917,1.3332,0.12736
929,10,2.0461,57,15,42,1.339,1.2997,0.2484
930,10,1.4704,21,9,12,1.1821,1.154,0.16506
931,11,1.6739,30,3,27,1.4033,1.425,0.16123
932,12,3.3095,66,12,54,2.1471,2.0738,0.53777
933,12,2.8713,66,15,51,2.0015,1.9809,0.59461
934,12,1.1437,12,9,3,1.0487,1.0487,0
935,12,2.6677,42,24,18,1.6961,1.614,0.55116
936,12,1.6028,24,9,15,1.3014,1.2823,0.21917
937,1,2.1562,48,15,33,1.6077,1.6673,0.34622
938,1,1.1877,21,3,18,1.0871,1.0865,0.033393
939,1,1.889,60,9,51,1.5091,1.5712,0.26432
940,1,1.355,12,6,6,1.172,1.172,0.16292
941,2,1.9563,48,24,24,1.4797,1.5366,0.20851
942,2,2.2601,42,6,36,1.5257,1.5299,0.36882
943,2,1.5891,18,9,9,1.3563,1.3585,0.21576
944,2,1.3539,21,12,9,1.1838,1.1826,0.14265
945,2,2.1289,45,24,21,1.6486,1.722,0.41401
946,3,3.0402,48,9,39,1.7772,1.6578,0.55863
947,3,1.2542,12,6,6,1.1488,1.1488,0.11498
948,3,2.6814,30,12,18,1.6684,1.4979,0.65178
949,3,2.0407,63,27,36,1.6504,1.7424,0.30859
950,5,1.9885,27,9,18,1.3516,1.3045,0.21092
951,6,1.4334,18,3,15,1.132,1.1241,0.10374
952,6,2.055,69,48,21,1.3148,1.2518,0.30853
953,8,1.3525,12,6,6,1.2038,1.2038,0.13244
954,9,2.4395,27,9,18,1.662,1.5963,0.44841
955,9,1.2976,12,3,9,1.1553,1.1793,0.12134
956,9,2.1417,24,12,12,1.3974,1.3445,0.34152
957,9,2.0497,51,24,27,1.5814,1.5546,0.33284
958,9,1.2804,15,6,9,1.1666,1.193,0.10766
959,10,1.7848,18,3,15,1.4542,1.4586,0.23534
960,10,1.4881,30,3,27,1.0949,1.0686,0.056647
961,10,1.5127,18,3,15,1.2117,1.2136,0.14225
962,11,1.5842,18,9,9,1.2779,1.2843,0.16919
963,11,1.88,54,27,27,1.3229,1.3221,0.15652
964,11,3.7015,60,15,45,1.7234,1.4139,0.85558
965,11,2.2796,39,15,24,1.3347,1.2915,0.31573
966,11,4.4457,45,15,30,2.6816,2.785,1.1489
967,12,2.057,99,39,60,1.4348,1.3541,0.27425
968,12,1.1199,12,3,9,1.0456,1.0607,0.037092
969,12,1.3668,12,6,6,1.1373,1.1373,0.10996
970,12,1.2836,21,3,18,1.1547,1.1739,0.083469
971,12,1.842,27,9,18,1.2628,1.1801,0.28087
972,12,1.5181,21,3,18,1.1832,1.1317,0.11903
973,12,1.1189,12,3,9,1.0506,1.0301,0.045333
974,12,1.1109,15,3,12,1.0588,1.0564,0.0082782
975,1,1.9157,42,12,30,1.6684,1.8064,0.27134
976,1,2.0776,30,9,21,1.6423,1.7528,0.36784
977,1,3.1243,114,60,54,1.675,1.2757,0.69736
978,1,1.1041,24,6,18,1.064,1.0719,0.02128
979,1,2.1425,63,21,42,1.7421,1.8235,0.33234
980,1,1.3074,18,12,6,1.2173,1.2173,0.10366
981,2,1.1698,15,12,3,1.105,1.105,0
982,2,1.5885,24,9,15,1.3197,1.3477,0.16048
983,2,1.3773,30,18,12,1.2159,1.2211,0.083771
984,2,1.3541,12,6,6,1.1848,1.1848,0.12551
985,3,2.164,96,72,24,1.5954,1.7079,0.3206
986,3,1.0855,12,6,6,1.0741,1.0741,0.010041
987,3,1.4479,18,15,3,1.2572,1.2572,0
988,3,2.1869,54,15,39,1.5875,1.5853,0.31061
989,4,1.6314,21,12,9,1.3036,1.3035,0.1729
990,6,1.4393,21,3,18,1.2684,1.2908,0.1352
991,6,1.5095,12,3,9,1.2162,1.1613,0.16988
992,6,1.2363,24,18,6,1.0862,1.0862,0.094894
993,8,2.5257,48,15,33,1.8775,1.9569,0.43596
994,9,1.6476,27,18,9,1.2961,1.3246,0.19784
995,10,2.3349,54,21,33,1.5458,1.5045,0.40545
996,10,1.5905,12,6,6,1.4194,1.4194,0.16822
997,10,1.9121,39,21,18,1.4231,1.411,0.27569
998,11,1.8578,48,18,30,1.314,1.2609,0.18993
999,11,1.788,21,9,12,1.3518,1.3513,0.29155
1000,12,1.4939,24,15,9,1.2486,1.2767,0.15957
1001,12,1.2097,15,9,6,1.0764,1.0764,0.057841
1002,12,1.4494,18,9,9,1.2082,1.2032,0.13832
1003,12,1.1641,12,6,6,1.0742,1.0742,0.061306
1004,12,1.6472,27,15,12,1.2153,1.2068,0.17151
1005,12,1.7955,33,6,27,1.3419,1.3532,0.19864
1006,12,1.3557,27,6,21,1.1665,1.1532,0.09118
1007,12,1.403,24,18,6,1.1315,1.1315,0.13173
1008,12,1.266,12,3,9,1.1645,1.1916,0.053475
1009,1,1.4172,24,9,15,1.2387,1.2634,0.13151
1010,1,1.3443,42,27,15,1.2147,1.2604,0.10489
1011,2,1.5185,45,24,21,1.2786,1.244,0.17855
1012,2,1.6114,21,6,15,1.4177,1.4721,0.1481
1013,3,1.774,33,18,15,1.3202,1.2914,0.22444
1014,3,1.2907,18,15,3,1.1432,1.1432,0
1015,6,1.1513,15,12,3,1.1026,1.1026,0
1016,7,2.2059,57,27,30,1.5145,1.4507,0.34269
1017,8,1.2729,12,6,6,1.0865,1.0865,0.07863
1018,8,1.4099,21,6,15,1.137,1.0617,0.14119
1019,8,1.948,30,6,24,1.5878,1.6899,0.31154
1020,9,2.5645,57,33,24,1.5377,1.4304,0.35845
1021,9,1.547,39,27,12,1.2002,1.174,0.1924
1022,10,1.5945,27,12,15,1.2453,1.2666,0.17502
1023,10,1.5425,18,9,9,1.2984,1.3002,0.24256
1024,10,2.1105,39,12,27,1.5256,1.4455,0.37021
1025,10,2.1016,15,3,12,1.6171,1.6534,0.37034
1026,10,3.4392,114,51,63,2.151,2.102,0.6347
1027,11,1.9745,42,6,36,1.4401,1.452,0.1955
1028,11,2.3694,81,9,72,1.3901,1.2173,0.39447
1029,12,1.2252,12,6,6,1.1351,1.1351,0.085065
1030,12,1.5087,60,30,30,1.2363,1.2191,0.11522
1031,12,1.1174,12,6,6,1.0401,1.0401,0.030971
1032,12,1.3966,15,6,9,1.127,1.1003,0.13273
1033,12,1.3477,12,3,9,1.1832,1.1767,0.10056
1034,12,1.3469,15,6,9,1.1882,1.1862,0.13466
1035,12,1.476,54,15,39,1.2775,1.276,0.082063
1036,12,2.9999,72,9,63,1.5725,1.3965,0.51294
1037,1,1.196,12,3,9,1.1094,1.127,0.092564
1038,1,3.7063,135,96,39,1.7114,1.4865,0.7699
1039,1,2.4878,81,27,54,1.6183,1.5531,0.35958
1040,1,2.1146,15,6,9,1.3861,1.3533,0.36765
1041,1,1.3372,21,12,9,1.1518,1.1507,0.10415
1042,1,3.0629,57,39,18,1.7937,1.6747,0.61019
1043,1,1.5006,18,6,12,1.2708,1.2927,0.14701
1044,1,2.1497,39,24,15,1.5714,1.603,0.37577
1045,2,2.2209,30,6,24,1.4791,1.4185,0.34233
1046,2,1.1677,12,3,9,1.0767,1.074,0.024714
1047,2,1.6801,18,9,9,1.3076,1.3103,0.24866
1048,2,1.2414,18,6,12,1.139,1.1439,0.051642
1049,2,1.262,27,15,12,1.1914,1.2325,0.099117
1050,3,1.2942,12,3,9,1.1059,1.0744,0.076891
1051,3,2.2118,36,12,24,1.3643,1.2588,0.32372
1052,3,1.3442,12,6,6,1.1688,1.1688,0.23476
1053,4,1.9631,18,3,15,1.54,1.5787,0.2649
1054,4,1.4092,18,12,6,1.2716,1.2716,0.19057
1055,4,2.5709,60,15,45,1.6143,1.6093,0.35352
1056,4,1.6184,15,6,9,1.2361,1.2174,0.18317
1057,4,1.908,24,9,15,1.3056,1.2035,0.27034
1058,6,2.0334,51,21,30,1.4326,1.3813,0.38863
1059,7,2.1516,63,39,24,1.491,1.4769,0.35946
1060,7,1.3221,12,6,6,1.1771,1.1771,0.061589
1061,8,1.6433,66,45,21,1.2977,1.2763,0.2146
1062,9,2.5195,36,12,24,1.8098,1.7287,0.49226
1063,9,1.7538,24,9,15,1.2927,1.2313,0.28063
1064,10,1.262,36,6,30,1.1691,1.1604,0.058571
1065,10,3.1122,51,21,30,2.0432,2.0862,0.72185
1066,10,1.304,39,9,30,1.085,1.068,0.070271
1067,11,1.245,12,6,6,1.0901,1.0901,0.1038
1068,11,2.0227,57,30,27,1.4062,1.3631,0.21538
1069,11,1.3624,15,9,6,1.1558,1.1558,0.19573
1070,11,1.302,15,12,3,1.2089,1.2089,0
1071,11,1.8882,15,9,6,1.3995,1.3995,0.25611
1072,11,2.348,42,18,24,1.6308,1.59,0.4555
1073,11,1.2596,27,3,24,1.1106,1.1125,0.090367
1074,11,1.4197,24,18,6,1.3061,1.3061,0.083297
1075,11,2.6637,72,30,42,1.6676,1.4413,0.62908
1076,12,1.7042,33,21,12,1.3448,1.3616,0.23159
1077,12,1.2686,33,6,27,1.1537,1.1241,0.079043
1078,12,1.5901,36,24,12,1.3641,1.3892,0.1683
1079,12,1.2346,12,6,6,1.1305,1.1305,0.061448
1080,1,1.4478,66,12,54,1.3055,1.3246,0.099374
1081,1,1.7921,21,12,9,1.3785,1.3704,0.26789
1082,1,1.8525,27,12,15,1.4594,1.4499,0.29086
1083,1,3.3607,81,39,42,2.0114,1.9512,0.51557
1084,2,1.2652,18,15,3,1.1244,1.1244,0
1085,2,1.4011,27,15,12,1.2335,1.2294,0.089458
1086,2,2.7779,51,36,15,1.7626,1.7074,0.52132
1087,2,2.0309,24,9,15,1.5241,1.4985,0.33901
1088,2,3.0203,63,27,36,1.657,1.3125,0.69448
1089,2,1.5915,12,6,6,1.2454,1.2454,0.13237
1090,2,2.6035,36,15,21,1.7056,1.7161,0.4625
1091,3,2.7449,45,6,39,1.6311,1.5075,0.41511
1092,3,1.774,36,18,18,1.3217,1.2626,0.23995
1093,3,1.5908,24,3,21,1.2545,1.2289,0.16002
1094,3,1.4503,18,3,15,1.3043,1.3366,0.13098
1095,4,1.3837,12,6,6,1.2325,1.2325,0.11448
1096,5,1.7531,24,6,18,1.2837,1.2086,0.26668
1097,6,1.3216,15,3,12,1.2062,1.2357,0.10686
1098,6,1.8291,27,18,9,1.292,1.2482,0.2947
1099,8,2.638,36,15,21,1.5983,1.4833,0.54724
1100,8,1.5176,39,21,18,1.1972,1.1467,0.15559
1101,8,1.1738,12,6,6,1.0924,1.0924,0.065125
1102,8,1.2147,18,6,12,1.1418,1.1776,0.09575
1103,8,1.6765,27,9,18,1.3116,1.3171,0.22461
1104,9,1.2921,42,30,12,1.1488,1.1791,0.069075
1105,9,1.1777,12,6,6,1.0934,1.0934,0.11363
1106,10,1.6243,30,18,12,1.2537,1.1973,0.22676
1107,10,1.633,66,57,9,1.2638,1.2496,0.17214
1108,10,1.3763,33,27,6,1.1838,1.1838,0.092843
1109,11,1.1798,18,9,9,1.0599,1.0805,0.049675
1110,11,2.4223,84,66,18,1.598,1.5341,0.49939
1111,11,2.2622,54,39,15,1.5814,1.5552,0.47292
1112,11,1.414,18,6,12,1.1983,1.1971,0.12903
1113,11,2.2176,54,18,36,1.771,1.8983,0.3735
1114,11,1.5758,48,21,27,1.1589,1.1554,0.11036
1115,12,1.4868,15,3,12,1.2789,1.3169,0.19283
1116,12,3.2654,81,54,27,2.0764,2.1089,0.7383
1117,1,1.9339,45,21,24,1.3822,1.27,0.26275
1118,1,2.2614,81,24,57,1.7848,1.7654,0.33015
1119,1,1.1884,30,18,12,1.0493,1.0438,0.037388
1120,1,1.2967,15,9,6,1.1319,1.1319,0.079691
1121,1,1.1896,12,9,3,1.0546,1.0546,0
1122,2,1.513,24,12,12,1.2559,1.2419,0.18224
1123,2,1.886,33,15,18,1.501,1.5112,0.2934
1124,3,2.7375,69,12,57,1.6827,1.5677,0.40928
1125,3,1.8113,27,15,12,1.4098,1.4057,0.29974
1126,4,1.6179,15,6,9,1.2541,1.2475,0.21683
1127,5,2.1987,15,3,12,1.6089,1.5919,0.37479
1128,5,1.4013,21,12,9,1.1541,1.1523,0.10431
1129,6,1.7309,30,6,24,1.2756,1.2548,0.17163
1130,6,1.3372,12,3,9,1.2219,1.237,0.10298
1131,6,1.3984,45,9,36,1.1789,1.1428,0.10327
1132,7,1.201,15,9,6,1.1711,1.1711,0.010182
1133,8,1.1649,18,9,9,1.0979,1.1025,0.05739
1134,8,1.6959,27,6,21,1.3224,1.3035,0.21024
1135,9,1.6227,24,12,12,1.26,1.2393,0.21294
1136,9,1.4158,63,42,21,1.1273,1.1477,0.08191
1137,9,1.8557,42,18,24,1.2229,1.146,0.22415
1138,9,2.239,39,21,18,1.5617,1.4819,0.42534
1139,10,2.7692,60,39,21,1.8104,1.625,0.55373
1140,10,2.1183,24,9,15,1.3686,1.255,0.28167
1141,10,4.3596,78,51,27,2.2178,2.0026,1.0378
1142,10,1.2973,39,3,36,1.139,1.1427,0.079889
1143,11,1.1604,12,6,6,1.0816,1.0816,0.067104
1144,11,1.5264,24,18,6,1.3403,1.3403,0.16511
1145,11,1.2115,12,3,9,1.1118,1.1159,0.057711
1146,11,3.0256,24,9,15,1.61,1.4218,0.63153
1147,11,1.4561,15,3,12,1.2487,1.2545,0.086783
1148,12,1.173,18,15,3,1.0442,1.0442,0
1149,12,2.0254,21,9,12,1.3718,1.3459,0.24583
1150,12,1.2993,12,3,9,1.19,1.2138,0.11777
1151,1,1.2301,12,9,3,1.1415,1.1415,0
1152,1,1.2267,15,3,12,1.0761,1.0744,0.029614
1153,1,1.8248,60,21,39,1.5759,1.6907,0.23842
1154,1,1.1511,27,3,24,1.0744,1.0781,0.050246
1155,1,1.8405,39,6,33,1.3788,1.3211,0.29074
1156,3,1.9233,51,12,39,1.4296,1.4261,0.20488
1157,3,1.2079,12,6,6,1.1326,1.1326,0.055932
1158,3,1.2146,15,3,12,1.0847,1.0905,0.068966
1159,3,1.6763,15,6,9,1.376,1.3596,0.25794
1160,5,1.3808,12,6,6,1.1971,1.1971,0.11844
1161,5,1.6126,24,12,12,1.1749,1.1188,0.19518
1162,7,1.3833,27,15,12,1.137,1.1553,0.090513
1163,7,1.432,12,6,6,1.1871,1.1871,0.11186
1164,8,1.6213,27,15,12,1.3606,1.372,0.20659
1165,8,2.0244,33,12,21,1.6813,1.7871,0.37208
1166,9,1.8847,57,39,18,1.4509,1.4585,0.27408
1167,9,1.5058,45,21,24,1.3024,1.3353,0.15594
1168,9,1.336,12,3,9,1.1193,1.1156,0.067375
1169,9,2.287,66,33,33,1.6407,1.6251,0.4376
1170,10,1.2299,24,18,6,1.0928,1.0928,0.079055
1171,10,1.5683,33,21,12,1.258,1.2621,0.18103
1172,10,2.259,51,30,21,1.2635,1.2071,0.23369
1173,10,1.2024,12,9,3,1.1161,1.1161,0
1174,11,1.1289,12,6,6,1.0915,1.0915,0.042921
1175,11,1.4864,12,6,6,1.2162,1.2162,0.18512
1176,11,1.7569,27,9,18,1.1932,1.1584,0.17226
1177,11,1.5428,18,12,6,1.1832,1.1832,0.15995
1178,11,1.7164,27,9,18,1.3063,1.2782,0.26673
1179,11,2.6287,39,18,21,1.6976,1.5906,0.4146
1180,12,1.8432,18,12,6,1.3833,1.3833,0.26672
1181,12,1.2526,12,6,6,1.1754,1.1754,0.08853
1182,12,1.2091,18,6,12,1.1438,1.1713,0.074348
1183,12,2.6364,54,27,27,1.6849,1.4137,0.47802
1184,12,2.1587,72,18,54,1.3971,1.3314,0.25961
1185,12,1.3448,15,12,3,1.1603,1.1603,0
1186,12,1.155,12,3,9,1.0371,1.0197,0.042464
1187,12,1.894,72,48,24,1.4417,1.4448,0.2824
1188,12,1.9699,57,21,36,1.3887,1.3432,0.29889
1189,12,2.4103,45,12,33,1.8112,2.0105,0.46853
1190,1,1.4006,12,6,6,1.2308,1.2308,0.10211
1191,1,1.2378,18,9,9,1.1305,1.127,0.10384
1192,1,1.4544,30,15,15,1.0955,1.073,0.080201
1193,2,1.2031,12,9,3,1.0679,1.0679,0
1194,2,1.4075,30,24,6,1.0816,1.0816,0.10981
1195,2,2.2344,33,18,15,1.4744,1.4356,0.37311
1196,2,3.4857,51,9,42,1.5912,1.3849,0.56273
1197,2,3.4833,33,6,27,1.913,1.9588,0.58046
1198,3,1.8101,27,15,12,1.4847,1.4901,0.2913
1199,3,1.7841,18,6,12,1.2034,1.1553,0.18838
1200,3,1.1755,15,3,12,1.0947,1.1052,0.066788
1201,3,1.9435,27,6,21,1.4411,1.3785,0.25257
1202,4,2.2912,87,12,75,1.587,1.5105,0.29544
1203,8,1.6017,51,39,12,1.2706,1.2683,0.064823
1204,8,2.7425,30,12,18,1.824,1.7373,0.65373
1205,9,1.7569,57,18,39,1.4024,1.4049,0.16364
1206,9,1.2093,33,9,24,1.1324,1.1515,0.056538
1207,10,1.4068,18,12,6,1.219,1.219,0.084711
1208,10,2.2391,108,75,33,1.5206,1.4353,0.37256
1209,10,1.5193,45,39,6,1.1341,1.1341,0.15839
1210,11,1.2615,15,6,9,1.1711,1.1787,0.092135
1211,11,4.3476,72,48,24,1.9523,1.8359,0.74056
1212,12,1.4123,39,30,9,1.2076,1.2017,0.086301
1213,12,1.6392,36,9,27,1.3268,1.4025,0.18066
1214,12,1.8089,48,36,12,1.4693,1.4789,0.26268
1215,12,1.7444,51,6,45,1.5755,1.6418,0.20683
1216,12,1.8849,51,36,15,1.421,1.4026,0.31143
1217,12,1.3845,15,6,9,1.2513,1.288,0.10094
1218,1,1.9062,42,21,21,1.6083,1.587,0.24185
1219,1,1.8112,24,3,21,1.316,1.1898,0.23377
1220,1,1.5358,18,6,12,1.2271,1.2212,0.18335
1221,1,1.6412,12,3,9,1.1924,1.1621,0.20206
1222,1,3.5883,84,48,36,2.2793,2.1604,0.91001
1223,2,1.3863,15,9,6,1.2428,1.2428,0.13965
1224,2,2.3534,111,15,96,1.7849,1.8348,0.38287
1225,3,1.7326,39,18,21,1.4292,1.464,0.20881
1226,3,2.1207,21,9,12,1.6097,1.6243,0.36002
1227,3,2.2179,54,12,42,1.3628,1.327,0.19979
1228,3,1.7764,18,6,12,1.4277,1.4236,0.29693
1229,3,1.9628,21,6,15,1.3744,1.332,0.27582
1230,3,1.9645,21,9,12,1.4674,1.4783,0.29444
1231,4,1.9031,27,15,12,1.3757,1.3373,0.33699
1232,4,2.4919,21,9,12,1.6672,1.6572,0.4658
1233,4,1.232,21,9,12,1.1275,1.1168,0.074514
1234,5,1.4337,15,9,6,1.3306,1.3306,0.12792
1235,5,1.2097,12,6,6,1.0619,1.0619,0.046033
1236,6,1.8347,30,9,21,1.2418,1.1691,0.21076
1237,6,1.923,51,24,27,1.3921,1.2451,0.32176
1238,8,1.1738,21,6,15,1.1145,1.1237,0.037895
1239,8,1.4725,27,9,18,1.1956,1.1879,0.15365
1240,8,1.3562,15,12,3,1.1493,1.1493,0
1241,8,1.177,21,15,6,1.0944,1.0944,0.052184
1242,9,1.1624,21,15,6,1.0882,1.0882,0.0031113
1243,9,1.6723,54,42,12,1.4461,1.5012,0.23482
1244,9,1.1879,12,9,3,1.0481,1.0481,0
1245,9,1.6366,33,6,27,1.1451,1.0333,0.19357
1246,9,1.615,15,9,6,1.2394,1.2394,0.20061
1247,10,2.2705,36,24,12,1.4751,1.4565,0.34618
1248,10,2.1942,93,75,18,1.5566,1.5875,0.36946
1249,10,3.0484,42,21,21,1.9792,2.0245,0.60469
1250,11,1.7345,66,42,24,1.3308,1.281,0.18847
1251,11,1.46,42,12,30,1.1374,1.0829,0.13222
1252,12,2.0038,27,12,15,1.5721,1.6013,0.32253
1253,1,2.0055,39,18,21,1.4175,1.4452,0.26194
1254,1,2.1285,24,9,15,1.5507,1.5774,0.3879
1255,1,1.993,51,9,42,1.4261,1.3493,0.2773
1256,1,1.2095,18,3,15,1.0731,1.0489,0.065734
1257,1,2.5891,21,12,9,1.7551,1.7,0.52796
1258,2,1.8397,39,15,24,1.519,1.5636,0.26892
1259,2,1.9764,87,57,30,1.5791,1.6473,0.23083
1260,3,1.1847,21,6,15,1.1184,1.1425,0.057266
1261,3,1.523,42,18,24,1.292,1.275,0.17284
1262,3,1.3827,18,6,12,1.2166,1.2333,0.15964
1263,3,1.5469,24,12,12,1.2929,1.2862,0.14669
1264,3,1.3898,24,6,18,1.2917,1.3486,0.12029
1265,4,1.6199,24,12,12,1.3275,1.3305,0.22198
1266,6,1.8598,30,9,21,1.3635,1.352,0.2373
1267,7,1.668,21,9,12,1.3278,1.3327,0.26742
1268,7,1.2205,36,30,6,1.1031,1.1031,0.098712
1269,7,1.7572,39,15,24,1.3589,1.3825,0.22927
1270,8,1.4394,21,9,12,1.1869,1.1898,0.11536
1271,9,2.5079,66,48,18,1.7557,1.6953,0.44101
1272,9,2.2786,75,33,42,1.661,1.6775,0.42779
1273,9,1.2081,27,3,24,1.1409,1.1456,0.057748
1274,10,1.8322,18,6,12,1.4907,1.4971,0.29271
1275,10,1.6177,21,12,9,1.2886,1.2682,0.20242
1276,11,1.1172,21,18,3,1.0915,1.0915,0
1277,11,1.3127,12,6,6,1.1035,1.1035,0.12799
1278,11,1.7756,33,6,27,1.3527,1.2378,0.20354
1279,11,1.953,45,3,42,1.4187,1.4264,0.18867
1280,11,2.1846,60,42,18,1.5221,1.5048,0.38268
1281,12,3.5784,195,129,66,2.3549,2.5801,0.89185
1282,12,1.1884,15,6,9,1.1024,1.1233,0.049702
1283,1,2.7869,33,6,27,1.6107,1.4103,0.53943
1284,1,2.5364,39,18,21,1.7903,1.8022,0.59378
1285,1,1.5243,45,21,24,1.2882,1.3333,0.165
1286,1,1.108,18,6,12,1.0323,1.0177,0.035845
1287,1,1.4356,42,18,24,1.1731,1.2073,0.080343
1288,1,1.2751,33,3,30,1.1515,1.1734,0.07716
1289,2,1.0637,21,9,12,1.0379,1.0397,0.0079718
1290,3,2.9544,45,9,36,1.624,1.5614,0.50325
1291,3,2.5012,21,9,12,1.7604,1.7746,0.53378
1292,3,1.8943,12,3,9,1.4009,1.4022,0.32895
1293,3,1.2451,15,9,6,1.1305,1.1305,0.10112
1294,4,1.3192,18,6,12,1.1506,1.1698,0.11
1295,5,1.3221,18,9,9,1.191,1.2007,0.11471
1296,5,1.9569,66,12,54,1.4977,1.5337,0.22442
1297,6,1.1362,18,12,6,1.0676,1.0676,0.069226
1298,6,1.9314,33,15,18,1.4634,1.4682,0.31677
1299,8,1.244,12,0,12,1.1626,1.1993,0.10408
1300,8,1.5174,15,3,12,1.3142,1.3405,0.17019
1301,9,2.7381,27,3,24,1.9295,1.9569,0.61025
1302,9,1.5537,18,12,6,1.2892,1.2892,0.17975
1303,10,1.3951,21,9,12,1.2346,1.24,0.10226
1304,12,1.4221,12,6,6,1.236,1.236,0.1987
1305,12,1.6673,30,15,15,1.2742,1.2759,0.2534
1306,12,1.6834,105,18,87,1.3235,1.3443,0.13931
1307,12,1.9151,12,3,9,1.3845,1.3851,0.27315
1308,12,1.1323,15,9,6,1.044,1.044,0.055437
1309,12,1.3752,12,6,6,1.2076,1.2076,0.15316
1310,1,1.2232,12,3,9,1.1272,1.153,0.069585
1311,1,2.9004,96,60,36,1.8517,1.876,0.49843
1312,1,1.3196,12,9,3,1.1277,1.1277,0
1313,1,1.8911,27,18,9,1.2592,1.1836,0.27
1314,1,3.7059,60,9,51,1.9024,1.507,0.69759
1315,2,1.1911,12,9,3,1.0725,1.0725,0
1316,2,3.0844,51,27,24,2.0604,1.9555,0.74725
1317,2,1.3035,21,15,6,1.2046,1.2046,0.069438
1318,3,1.5378,15,6,9,1.2627,1.2764,0.21153
1319,3,2.2923,15,3,12,1.714,1.7157,0.46226
1320,3,1.975,24,6,18,1.6189,1.762,0.33986
1321,4,1.5514,27,0,27,1.2351,1.2564,0.13462
1322,4,1.2592,30,24,6,1.1391,1.1391,0.086974
1323,4,1.5177,12,3,9,1.2502,1.279,0.17172
1324,4,1.8035,30,6,24,1.2306,1.1317,0.22464
1325,4,1.8191,24,6,18,1.2985,1.2403,0.19546
1326,4,1.3564,18,3,15,1.1769,1.1862,0.13332
1327,4,1.7261,21,9,12,1.5081,1.5745,0.25038
1328,4,1.2359,15,9,6,1.1487,1.1487,0.10069
1329,5,1.3497,27,9,18,1.1669,1.1404,0.078224
1330,6,1.1344,15,12,3,1.0087,1.0087,0
1331,7,1.9227,45,15,30,1.396,1.3426,0.23722
1332,7,1.3463,18,6,12,1.1552,1.1395,0.13159
1333,9,1.9077,45,9,36,1.3836,1.346,0.24402
1334,10,1.155,15,12,3,1.0787,1.0787,0
1335,10,1.2805,18,9,9,1.0814,1.0482,0.08238
1336,10,1.8887,15,6,9,1.4641,1.5133,0.27818
1337,10,1.5487,15,3,12,1.2813,1.2709,0.19293
1338,11,3.4123,27,6,21,1.7399,1.5582,0.70325
1339,11,1.8967,48,24,24,1.4529,1.5635,0.29787
1340,11,1.9467,21,12,9,1.4766,1.4941,0.32975
1341,11,1.8853,27,6,21,1.4705,1.5004,0.29101
1342,11,1.7541,45,30,15,1.3455,1.3404,0.18588
1343,11,2.5797,75,30,45,1.7086,1.7566,0.33728
1344,12,1.733,81,69,12,1.4454,1.4591,0.22459
1345,12,1.3866,24,6,18,1.2515,1.281,0.091131
1346,12,1.2901,18,12,6,1.1504,1.1504,0.097015
1347,12,3.0111,54,6,48,1.3945,1.2864,0.3847
1348,12,1.2787,12,0,12,1.1512,1.1541,0.054802
1349,12,1.249,18,3,15,1.0969,1.0916,0.069575
1350,1,2.0373,30,15,15,1.5256,1.5212,0.33499
1351,1,2.2087,15,6,9,1.3575,1.3019,0.34478
1352,1,2.4148,63,12,51,1.2492,1.1591,0.31423
1353,1,1.4889,24,9,15,1.1718,1.1183,0.10074
1354,2,2.4122,72,36,36,1.4233,1.2716,0.43131
1355,2,1.3228,12,6,6,1.2273,1.2273,0.11137
