1,1,21,2.546,1.8743,0.53492,6.4815,6.2336,0.29156,42.965,12.724
2,1,30,2.4001,1.7367,0.49097,7.0524,6.3698,0.5519,99.216,166.74
3,1,30,1.8282,1.4188,0.27478,5.3084,4.9911,0.29305,247.63,24.773
4,1,33,1.9557,1.4987,0.29667,5.5762,5.2405,0.35086,300.85,10.556
5,2,33,2.1852,1.6194,0.35123,6.2426,5.5134,0.6379,273.93,33.002
6,2,12,1.5305,1.3092,0.18917,4.4967,4.1459,0.28835,166.88,4.5429
7,2,63,2.2352,1.3261,0.30833,6.1515,5.3479,0.40542,315.48,10.27
8,2,111,2.0175,1.4839,0.29109,6.283,5.0758,0.73991,66.218,28.349
9,3,30,2.4219,1.881,0.46004,7.3856,6.9053,0.44761,13.881,4.2414
10,4,12,1.2474,1.1311,0.093416,6.0209,5.2356,0.64425,4.8764,1.4409
11,7,12,1.1534,1.0904,0.057859,5.1553,4.9526,0.21909,306.03,2.7311
12,7,33,1.3783,1.1523,0.11237,5.0954,4.8782,0.14353,275.06,3.7673
13,8,60,1.5823,1.2424,0.15492,5.2256,4.8314,0.26388,271.32,38.815
14,9,30,2.064,1.5325,0.37896,6.1621,5.6257,0.41394,299.12,9.667
15,9,21,1.7092,1.3797,0.2535,6.0225,5.6967,0.44869,293.89,8.2145
16,9,54,1.8835,1.4378,0.27607,6.0864,5.3617,0.52481,314.2,30.936
17,9,27,1.7699,1.401,0.24777,5.9571,5.4136,0.53531,284,12.96
18,9,24,1.3917,1.2536,0.13416,5.1188,4.8498,0.22332,195.1,173.71
19,9,15,1.2186,1.1494,0.085723,5.198,5.0244,0.168,308.9,4.1617
20,9,12,1.1643,1.0922,0.061889,5.5119,5.2079,0.2275,341.13,3.1635
21,10,21,1.185,1.1112,0.064375,5.5762,5.3263,0.15039,179.36,187.31
22,10,27,1.6347,1.343,0.20628,5.7024,5.3307,0.31305,296.23,5.1112
23,11,24,1.6073,1.4091,0.13826,4.5926,4.4129,0.18394,197.41,6.5913
24,11,18,1.395,1.2831,0.11407,5.156,4.9472,0.36417,288.39,6.8618
25,11,60,2.5695,1.8929,0.50032,7.4244,6.0187,1.1429,284.33,56.186
26,11,21,2.0989,1.6342,0.35382,6.0509,5.667,0.34739,300.74,9.6372
27,12,12,1.1489,1.1036,0.032216,5.045,4.8472,0.14066,293.53,2.7466
28,12,72,2.3436,1.7148,0.45046,6.425,5.6823,0.675,291.49,28.349
29,12,39,1.8524,1.447,0.25222,6.3526,5.7508,0.34243,68.433,117.75
30,12,36,1.3405,1.1296,0.087808,4.7789,4.3318,0.22165,227.48,17.943
31,12,21,1.2738,1.1338,0.090319,4.1748,3.997,0.11635,176.94,1.7069
32,1,45,2.3165,1.7273,0.44515,6.8197,6.2372,0.58541,339.89,4.5302
33,1,18,1.2404,1.1225,0.084373,5.5869,5.1841,0.33093,287.59,6.3065
34,1,48,1.9117,1.346,0.24784,6.3187,5.5162,0.46135,335.37,13.535
35,1,12,2.1596,1.7565,0.33599,6.0459,5.5321,0.57176,274.09,21.004
36,2,21,1.7678,1.4967,0.22856,5.8275,5.3295,0.41838,298.94,30.292
37,3,33,1.6303,1.3621,0.17703,5.3958,5.1421,0.21877,300.6,7.9066
38,3,57,2.8192,1.8958,0.49848,7.3376,6.3893,0.65655,342.28,6.1984
39,4,33,2.8227,1.9639,0.59053,6.5053,5.8705,0.68509,286.04,18.853
40,4,24,1.3345,1.2306,0.10574,5.2066,5.0544,0.21396,13.458,2.1917
41,5,30,1.2713,1.147,0.08628,5.2329,5.1016,0.11124,11.167,3.9211
42,7,33,2.8015,1.8262,0.63241,6.9411,6.2273,0.76117,288.72,130.13
43,7,27,1.6921,1.3904,0.18258,5.4039,5.0329,0.46243,264.49,19.729
44,8,33,1.4825,1.2605,0.17947,5.3789,5.0769,0.37102,282.41,8.0173
45,8,90,2.7567,1.528,0.52168,6.6602,5.3316,0.67283,290.99,19.064
46,9,24,1.8822,1.5342,0.28876,6.7922,6.1691,0.43241,7.9265,2.9558
47,9,48,1.5195,1.2999,0.15646,5.4456,5.1561,0.24117,284.87,21.27
48,9,30,1.9635,1.5383,0.33389,5.9567,5.4996,0.59904,320.03,16.842
49,10,51,2.261,1.669,0.41976,6.5366,5.9066,0.62157,322.73,31.396
50,10,27,1.8751,1.366,0.29046,6.1893,5.0978,0.73691,82.103,94.724
51,10,18,1.3888,1.2335,0.11576,5.1266,4.8857,0.19109,279.33,7.5958
52,10,39,2.6663,1.7551,0.5947,7.957,6.7611,1.1624,327.38,26.578
53,10,15,1.7762,1.5108,0.2515,5.6822,5.285,0.481,283.69,7.4917
54,10,24,1.7421,1.3888,0.23526,6.3874,5.9091,0.29985,87.282,152.67
55,11,42,1.9934,1.4153,0.34787,6.6132,5.7779,0.70028,317.91,41.348
56,11,27,1.6501,1.3205,0.18938,5.7993,5.0794,0.54382,268.99,18.716
57,11,63,2.9092,1.6471,0.60539,7.6623,5.7469,1.3092,284.06,62.353
58,11,27,1.9067,1.5367,0.30307,5.9192,5.5825,0.30816,293.77,4.5245
59,11,12,1.4182,1.219,0.14379,5.6454,5.007,0.59586,179.9,163.68
60,11,27,2.0147,1.5569,0.32272,6.4301,5.9219,0.35424,14.474,6.7053
61,12,33,1.4844,1.2464,0.14938,5.0891,4.7935,0.2552,238.29,22.354
62,12,33,2.1533,1.386,0.3797,6.7206,5.824,0.64979,325.25,11.875
63,12,102,2.1859,1.5735,0.30464,6.1964,5.6739,0.35323,302.44,25.433
64,12,18,1.6893,1.4573,0.22822,5.388,5.1475,0.31898,308.11,8.2417
65,12,24,2.41,1.5627,0.5,6.5276,5.3838,0.92585,265.72,26.24
66,12,42,1.526,1.2374,0.16158,6.0019,5.311,0.54431,296.06,32.873
67,12,18,1.1839,1.1375,0.068086,4.5971,4.2017,0.22914,197.24,30.357
68,12,39,3.1774,1.6315,0.66842,6.847,5.565,0.76569,289.2,21.711
69,12,126,2.1709,1.5367,0.28363,6.2676,5.648,0.43113,287.97,21.21
70,1,54,1.7939,1.3054,0.28708,5.7579,5.0132,0.41555,265.15,50.494
71,1,15,1.2904,1.1875,0.10919,4.5705,4.4247,0.12617,217.92,10.197
72,1,21,2.0671,1.5467,0.39375,5.1242,4.6877,0.32926,207.56,19.98
73,1,36,1.6007,1.3549,0.19816,5.2466,4.9614,0.31581,263.56,8.7757
74,1,15,1.9906,1.6527,0.30971,6.2752,5.9639,0.40993,352.72,3.2864
75,1,63,1.9269,1.4761,0.28867,5.9766,5.4445,0.32566,297.34,4.9828
76,2,45,3.0859,1.5791,0.53746,6.8622,5.5659,0.65128,283.2,16.971
77,2,27,2.111,1.6349,0.33652,6.0905,5.4897,0.70705,280.61,35.568
78,2,33,3.4358,2.0733,0.84233,7.4183,6.2305,0.85272,305.52,15.685
79,3,36,2.2259,1.5017,0.4128,6.2781,5.6514,0.59525,304.5,21.176
80,3,12,1.2818,1.1751,0.090076,5.8417,5.5526,0.35783,145.12,190.01
81,4,81,1.9254,1.3505,0.25743,6.8977,5.5773,0.56418,242.86,156.03
82,4,18,1.6869,1.3237,0.25692,5.4395,5.1345,0.31185,348.66,1.4053
83,6,33,2.7745,1.9206,0.59217,7.2618,6.5723,0.6384,322.79,16.116
84,6,12,1.4626,1.2469,0.17953,5.0739,4.7814,0.32012,339.81,9.6228
85,7,21,1.1698,1.112,0.049628,4.8089,4.7447,0.097659,260.64,159.16
86,8,12,1.1748,1.1097,0.072044,5.4433,5.2203,0.17398,6.3233,1.2603
87,8,24,1.4457,1.1699,0.14472,5.3019,5.0516,0.18013,291.53,12.351
88,8,12,1.6907,1.396,0.2685,5.9401,5.753,0.25132,357.53,0.49631
89,8,81,2.6556,1.805,0.4653,7.3003,6.1417,0.67831,340.25,10.282
90,9,18,1.1974,1.1086,0.058727,5.5021,5.3471,0.18003,4.7819,0.67674
91,10,33,1.8105,1.3859,0.22854,6.1607,5.5034,0.38013,271.56,13.633
92,10,24,2.0442,1.6711,0.28021,5.721,5.3527,0.28114,274.06,6.3614
93,10,33,1.6789,1.4138,0.1787,5.4722,5.1212,0.25648,279.05,4.703
94,10,30,1.646,1.3307,0.17832,6.4519,5.843,0.56256,254.28,151.44
95,10,12,1.3096,1.1762,0.12809,5.1319,4.7945,0.35753,270.34,6.1772
96,11,21,2.1709,1.5913,0.38483,6.0078,5.5052,0.44001,311.36,4.6213
97,11,27,5.0738,2.6967,1.3423,8.2996,6.7411,1.2645,314.54,30.09
98,11,84,2.6787,1.7392,0.51029,7.4629,6.3241,0.68689,332.1,26.439
99,11,18,1.3385,1.1861,0.098171,5.2201,4.9411,0.29203,301.93,10.33
100,11,45,3.3873,1.9761,0.73436,7.4106,5.8734,1.1647,269.45,43.311
101,11,15,1.3545,1.2727,0.11343,5.4495,5.2023,0.23866,290.92,1.8756
102,11,72,3.4239,2.1214,0.71159,7.1765,6.1629,0.69685,288.04,35.866
103,12,75,1.6978,1.3185,0.18811,5.862,5.2746,0.36198,295.71,27.19
104,12,33,1.5216,1.2433,0.14478,6.1788,5.1273,0.68443,264.47,28.463
105,12,45,1.6021,1.2389,0.16726,5.2669,4.8778,0.3281,280.17,22.765
106,12,30,2.0712,1.5196,0.35313,6.3034,5.525,0.67558,294.07,45.499
107,12,39,1.6386,1.4061,0.17819,6.7836,6.1282,0.58727,330.59,19.74
108,12,24,1.6885,1.3192,0.25055,5.593,5.2151,0.33322,332.65,13.732
109,1,156,3.5534,1.9052,0.69951,8.0533,6.069,0.92209,187.33,144.16
110,1,24,1.616,1.4141,0.13622,5.8599,5.3947,0.36777,294.03,4.5366
111,1,24,1.299,1.1781,0.07321,4.8781,4.5307,0.26793,237.71,19.896
112,1,36,3.7079,2.5149,0.81558,7.9331,6.625,1.1743,307.9,94.785
113,3,18,1.3516,1.2507,0.090106,5.306,5.0568,0.29095,279.55,7.7252
114,3,30,1.6017,1.3158,0.18882,5.4448,4.9325,0.4145,270.71,22.019
115,4,24,1.6818,1.3456,0.18565,5.5137,5.0667,0.31532,284.54,8.9238
116,4,27,2.1005,1.7309,0.30123,6.2252,5.7586,0.43262,355.96,2.7129
117,6,21,1.675,1.4677,0.1761,5.8954,5.6092,0.31805,2.7521,0.67002
118,6,45,2.4192,1.8644,0.46032,6.4494,5.954,0.50299,326.53,18.475
119,8,21,1.1738,1.0887,0.064195,5.0908,4.9856,0.089324,301.99,4.9611
120,8,24,1.3445,1.2465,0.099706,5.4908,5.1638,0.38349,288.74,9.651
121,8,12,1.2665,1.1676,0.071567,4.8098,4.7181,0.083935,262.07,6.7912
122,9,60,1.8166,1.3078,0.24384,6.0005,5.2724,0.4584,287.55,13.478
123,10,15,1.9049,1.448,0.33283,6.068,5.8478,0.18261,346.73,8.0953
124,11,87,2.8166,1.5379,0.50789,7.914,5.8714,0.97306,296.28,84.131
125,11,18,1.2848,1.1217,0.093363,4.3244,4.2434,0.061031,212.08,14.242
126,11,54,1.75,1.4688,0.21875,5.9307,5.4688,0.34983,276,22.587
127,12,24,1.6849,1.3508,0.24471,6.3556,5.7848,0.52536,320.14,23.756
128,12,12,1.3232,1.1557,0.12344,4.8887,4.5533,0.32399,258.6,11.279
129,12,57,3.0283,1.9827,0.55872,6.9663,5.5965,0.81592,253.28,30.573
130,12,15,1.7022,1.3884,0.26502,4.6508,4.3601,0.26914,189.5,12.243
131,12,39,2.6539,1.7276,0.52038,7.3435,6.3207,0.83393,350.79,7.6497
132,1,12,1.6271,1.3373,0.23288,5.5381,5.1112,0.6202,303.41,5.2176
133,1,84,2.2871,1.5838,0.33383,6.2835,5.6017,0.36169,285.59,9.7573
134,1,24,1.7489,1.3953,0.29098,5.6936,5.0657,0.68043,260.75,26.485
135,1,135,3.7635,2.3446,0.92907,8.2127,6.5469,1.1407,310.61,24.909
136,1,69,2.7869,1.7059,0.47988,6.7211,5.7331,0.521,291.45,8.4361
137,1,33,3.4233,1.9375,0.73439,7.3534,5.963,0.88459,284.27,11.901
138,2,39,2.1855,1.6784,0.33854,6.8738,5.8264,0.70959,295.9,41.458
139,2,15,1.4061,1.2559,0.13293,5.5324,5.0979,0.3851,57.849,7.5782
140,2,33,1.7263,1.4704,0.23632,6.1605,5.6768,0.42837,11.579,6.5498
141,2,21,1.7213,1.4555,0.2245,6.376,5.9035,0.61887,5.3614,1.7847
142,2,24,1.7088,1.4084,0.24213,6.2632,5.9097,0.43268,3.5703,1.6251
143,3,18,1.5994,1.3491,0.21825,5.6291,5.2628,0.41992,292.59,6.639
144,3,27,3.0674,2.1159,0.72002,7.1475,6.5254,0.74187,319.3,23.973
145,3,72,2.3912,1.6074,0.3439,6.1454,5.4677,0.34879,304.16,17.889
146,4,72,1.4351,1.2929,0.11714,6.1148,5.4336,0.30634,303.52,111.48
147,6,18,1.9004,1.5177,0.33525,5.8915,5.6023,0.35507,354.28,2.4755
148,6,12,1.1676,1.1006,0.053984,4.7983,4.634,0.16241,325.6,4.0369
149,6,12,1.4649,1.3066,0.16267,6.0078,5.6036,0.51602,11.134,1.2642
150,7,15,1.3041,1.1878,0.097396,5.3359,5.2107,0.12933,179.02,195.4
151,7,15,1.7136,1.3805,0.26185,5.5518,5.1685,0.4095,316.58,5.447
152,7,15,1.5071,1.2589,0.17545,5.4049,5.0921,0.24229,347.02,5.6995
153,7,15,1.7411,1.4825,0.27381,5.5092,5.218,0.42477,300.29,5.6507
154,8,15,1.3666,1.2378,0.14026,5.2082,4.9635,0.30195,6.4226,1.2423
155,8,12,1.1475,1.0972,0.035327,5.4731,5.1961,0.21978,293.03,4.7386
156,8,30,2.1066,1.4765,0.3661,6.7898,6.0546,0.6243,348.07,9.0945
157,9,72,1.7512,1.4198,0.15474,6.0092,5.3793,0.37277,284.6,18.507
158,9,39,2.4691,1.808,0.54759,6.7441,5.9619,0.84598,310.32,19.036
159,9,39,3.5905,2.0142,0.81829,7.8747,6.3567,0.98891,323.87,19.723
160,9,42,1.4323,1.2158,0.12941,6.3065,5.3443,0.39521,312.74,21.225
161,9,27,1.5041,1.304,0.1316,5.9112,5.6334,0.30167,351.74,2.2448
162,10,54,2.6009,1.5612,0.46417,6.5762,5.6414,0.5288,293.17,16.437
163,10,27,1.833,1.4685,0.24526,5.6933,5.2729,0.39109,285.15,11.884
164,10,75,2.1124,1.4543,0.3753,6.5044,5.3821,0.73866,289.57,38.754
165,10,33,1.3607,1.1929,0.09687,5.4963,5.2236,0.19752,299.83,7.2848
166,10,42,1.6933,1.4144,0.1872,5.8824,5.4714,0.41796,282.2,20.193
167,10,36,1.4,1.2846,0.12377,5.3551,5.024,0.25789,255.42,18.965
168,11,39,2.1212,1.5371,0.32781,6.1331,5.5207,0.51474,293.92,17.695
169,11,186,3.0094,1.568,0.46074,7.7516,5.9017,0.74053,256.83,138.94
170,11,39,1.964,1.5388,0.33837,6.1229,5.4305,0.53974,272.9,22.521
171,11,78,2.875,1.8932,0.64033,7.3959,6.2622,0.84366,321.96,26.111
172,11,30,2.3499,1.7259,0.4842,7.6212,6.9,0.45453,12.342,0.72958
173,11,33,1.5489,1.2627,0.17804,5.9667,5.5249,0.32087,14.529,8.6442
174,12,15,1.1877,1.0875,0.059795,4.7503,4.4544,0.15877,229.98,8.3593
175,12,24,1.1377,1.0855,0.040227,5.1739,5.0137,0.16544,273.34,4.7096
176,12,18,1.4617,1.3088,0.13724,4.6315,4.4819,0.17646,220.39,9.331
177,12,63,2.7321,1.6891,0.56021,7.1896,6.0443,0.75861,326.9,19.491
178,12,15,1.3295,1.2157,0.099929,5.4701,5.1609,0.52264,292.26,5.4211
179,12,72,2.7109,1.9385,0.48132,6.6996,6.0414,0.56074,306.18,21.424
180,12,126,2.9688,1.8514,0.55486,7.0942,5.7475,0.80846,275.16,23.016
181,1,12,1.1936,1.1268,0.061743,5.937,5.7179,0.16239,285.51,159.5
182,1,12,1.9954,1.5586,0.32263,5.0149,4.588,0.42483,195.94,5.9014
183,1,27,2.3343,1.549,0.45947,6.4545,5.2025,0.96236,255.93,41.46
184,1,39,1.6422,1.3897,0.18682,5.9094,5.2223,0.53233,273.13,38.259
185,3,15,1.2631,1.1789,0.087766,6.2171,5.8963,0.43654,349.41,1.9146
186,3,24,1.1797,1.1068,0.05873,6.2518,5.2017,0.68574,334.8,5.6519
187,4,45,3.1117,2.3998,0.51829,7.3942,6.665,0.54492,49.449,120.82
188,6,12,1.3596,1.2046,0.14809,5.223,5.0629,0.19831,351.65,1.5543
189,6,30,1.5667,1.3115,0.20725,5.0244,4.7044,0.32079,240.2,9.0071
190,7,18,1.4001,1.2302,0.11929,5.241,4.9846,0.1977,279.11,10.945
191,8,12,1.1625,1.1001,0.050776,5.1874,4.8978,0.23956,3.4173,1.5104
192,9,12,1.1117,1.0729,0.037724,4.6762,4.6168,0.059158,281.22,1.3844
193,9,18,1.4497,1.2245,0.14398,5.4742,5.1917,0.26368,308.12,10.087
194,9,57,1.7276,1.5181,0.22,5.7675,5.32,0.47153,291.2,27.689
195,9,15,1.4861,1.3034,0.14721,4.9924,4.7648,0.20836,304.31,28.525
196,10,27,1.2653,1.147,0.083785,5.4614,5.0503,0.42008,288.78,22.37
197,10,111,2.2026,1.6386,0.31121,6.4016,5.7264,0.33535,320.24,21.092
198,10,54,2.0327,1.4634,0.33873,6.2896,5.163,0.72091,254.45,26.031
199,10,18,1.3586,1.2092,0.13664,5.4902,5.0646,0.44318,288.83,21.36
200,11,36,1.277,1.1295,0.091428,4.2771,4.1506,0.13923,100.97,6.0775
201,11,51,1.236,1.1279,0.063606,4.2189,4.082,0.073262,105.98,8.26
202,11,54,2.0637,1.4402,0.33119,5.7647,5.2924,0.34178,287.68,7.6967
203,12,33,1.9795,1.4056,0.32629,6.1071,5.3526,0.52798,294.92,6.8866
204,12,78,1.9786,1.5081,0.29808,6.22,5.5021,0.4772,312.43,29.145
205,1,15,1.1486,1.0567,0.054989,6.4864,5.8403,0.43713,340.83,2.7549
206,1,24,1.2529,1.1655,0.073787,6.2363,6.016,0.16569,34.741,3.5766
207,1,57,1.6169,1.2706,0.16553,6.2028,5.5878,0.39763,264.91,130.65
208,1,18,1.4228,1.2583,0.15951,5.4131,5.1407,0.25246,269.99,2.9624
209,1,21,1.6104,1.2872,0.24748,5.3609,4.7969,0.57116,274.91,35.832
210,2,39,2.1874,1.4783,0.36885,6.1049,5.4329,0.50122,295.55,25.935
211,2,48,3.1663,2.3011,0.66786,7.7733,6.8578,0.76635,346.71,3.7865
212,2,69,2.8242,1.7209,0.53448,7.8029,6.4055,0.86018,38.384,98.814
213,3,24,2.3252,1.5342,0.415,5.963,5.1923,0.48852,275.71,24.219
214,4,18,1.5012,1.353,0.15709,6.0214,5.7162,0.33776,1.1696,0.593
215,5,48,1.4715,1.2795,0.10882,5.6939,5.4596,0.16821,252.26,166.06
216,6,12,1.1646,1.0825,0.053368,4.7944,4.7262,0.067293,297.05,4.0016
217,7,12,1.379,1.2366,0.12895,5.0303,4.8308,0.24294,307.6,2.6704
218,7,27,1.9022,1.4928,0.26656,6.0881,5.5324,0.42939,312.06,4.805
219,8,54,1.7314,1.3791,0.20809,5.5133,5.0564,0.32438,347.75,6.0181
220,9,12,1.4583,1.2938,0.1579,5.4443,5.2334,0.2881,294.41,4.3788
221,9,108,2.3651,1.6971,0.35517,6.5084,5.6486,0.45671,304.44,30.031
222,9,42,1.5617,1.2733,0.19833,5.3321,4.8941,0.3754,288.76,26.952
223,9,12,1.2945,1.2086,0.091409,5.274,5.0051,0.23651,324.85,7.8098
224,9,57,1.588,1.2653,0.17436,6.2453,5.2525,0.4693,327.58,20.845
225,10,60,3.2853,2.3968,0.67985,7.8086,6.7811,0.862,326.89,28.666
226,10,21,1.6302,1.3743,0.22905,5.6387,5.2721,0.39481,91.024,159.6
227,10,15,1.1513,1.1109,0.034798,5.0695,4.8642,0.22287,326.25,12.135
228,10,15,1.2526,1.1314,0.0889,5.2165,5.0398,0.16573,319.11,4.667
229,10,18,1.1272,1.0733,0.051072,5.3101,5.0815,0.2056,281.92,7.4732
230,11,51,1.6575,1.3018,0.17069,5.4616,4.8154,0.44823,257.87,28.15
231,11,12,1.442,1.3331,0.14979,4.4696,4.2616,0.23608,183.96,3.0142
232,11,51,2.0146,1.4137,0.28351,6.052,5.3582,0.57704,273.07,31.181
233,11,54,2.314,1.743,0.45691,5.944,5.3998,0.45431,269.91,22.036
234,11,30,1.8387,1.3737,0.26947,6.1871,5.4688,0.57355,326.68,18.343
235,12,24,2.0135,1.5116,0.3343,6.1524,5.6947,0.39978,289.16,3.5738
236,12,39,2.4432,1.6026,0.41296,6.9468,5.5995,0.89863,289.41,36.821
237,12,21,1.8105,1.3675,0.24319,5.8431,4.994,0.73827,260.64,34.026
238,12,15,1.3408,1.198,0.12007,5.2653,5.019,0.34453,27.246,9.9011
239,1,30,2.2178,1.6859,0.4439,6.6716,6.1089,0.52456,346.79,2.4634
240,1,21,2.9767,1.7127,0.7134,6.7874,5.8301,1.0583,323.46,33.783
241,1,15,1.1309,1.0692,0.041048,4.6449,4.5517,0.087109,249.53,10.398
242,1,48,2.5982,1.8628,0.54208,7.4981,6.214,0.96426,331.03,28.809
243,2,36,1.4445,1.2542,0.12417,4.5177,4.33,0.15565,99.41,4.9091
244,2,30,1.4491,1.2293,0.13415,6.2085,5.7456,0.34357,17.36,4.9478
245,2,15,1.5797,1.3624,0.20487,6.3621,5.824,0.54898,178.37,190.51
246,2,45,1.7267,1.4329,0.21516,6.4032,5.6516,0.46871,322.58,28.387
247,3,18,1.4091,1.2051,0.12486,4.3684,4.1834,0.18975,193.44,28.325
248,4,60,3.0233,2.0145,0.66584,7.3462,6.3431,0.77858,43.692,104.22
249,4,15,1.1625,1.1086,0.041551,4.8706,4.8114,0.040691,292.09,5.4383
250,5,15,1.5215,1.2847,0.18163,5.1352,4.8406,0.50818,296.55,8.6079
251,6,12,1.3122,1.169,0.10155,5.528,5.3012,0.32155,353.46,3.4689
252,6,39,1.5292,1.2605,0.17499,5.4674,5.284,0.12316,282.44,151.91
253,6,27,1.5414,1.3104,0.17426,5.5455,5.212,0.29047,109.72,172.26
254,7,12,1.0552,1.0375,0.013206,4.9167,4.7687,0.090358,294.71,2.3599
255,7,81,1.9042,1.3267,0.2901,6.2258,5.3154,0.52132,313.68,9.1158
256,8,27,1.5023,1.2922,0.17499,5.2505,4.9585,0.28372,304.22,4.0231
257,9,30,1.3827,1.202,0.12743,5.2842,4.8623,0.36163,279.02,23.633
258,9,12,1.3558,1.2257,0.1102,5.2042,4.9998,0.19075,273.37,4.9368
259,9,54,1.5076,1.2102,0.14826,5.4461,5.0297,0.33426,308.49,18.151
260,9,33,1.4592,1.2645,0.12745,5.2694,4.9503,0.23563,278.75,10.784
261,9,87,2.1045,1.5113,0.26943,6.0911,5.4185,0.35377,295.14,8.4114
262,9,30,1.8056,1.4137,0.23807,5.8473,5.4293,0.31731,307.04,29.721
263,10,66,2.4646,1.6382,0.38227,6.432,5.7678,0.40235,319.01,21.758
264,10,12,1.2142,1.1323,0.070301,4.906,4.69,0.24543,305.28,0.95915
265,10,21,2.6297,1.6191,0.5742,6.369,5.4922,0.77171,293.05,23.502
266,10,24,1.3051,1.1863,0.093612,5.009,4.7385,0.17723,268.05,9.8582
267,11,36,2.1155,1.6836,0.34554,6.5535,6.108,0.50101,344.11,4.8538
268,11,21,1.2188,1.1363,0.063438,5.1024,4.84,0.34514,284.59,25.799
269,11,42,3.475,2.3488,0.87948,7.8079,6.6151,1.1157,316.08,29.814
270,11,12,1.5366,1.3735,0.16846,5.5196,5.3599,0.25585,300.87,1.9487
271,11,15,1.5043,1.3404,0.16376,5.9646,5.4699,0.58181,296.47,17.301
272,11,12,1.0484,1.0349,0.010489,5.327,5.2239,0.13812,289.24,5.8073
273,12,135,3.3325,1.6413,0.44784,7.6091,5.8584,0.68501,291.31,23.55
274,12,21,1.7247,1.4246,0.24944,5.5521,5.1117,0.56025,288.25,27.128
275,12,87,2.3188,1.6193,0.40903,7.0254,6.3292,0.5275,254.41,150.31
276,12,45,3.2986,2.1706,0.78254,7.1255,6.3254,1.06,304.16,49.86
277,1,21,1.6565,1.3033,0.21135,6.2546,5.7036,0.53358,350.46,6.333
278,1,24,1.8669,1.5123,0.27161,5.9648,5.6587,0.27619,40.8,8.9626
279,1,99,2.6246,1.5143,0.47525,7.2547,6.4031,0.58645,30.338,9.2731
280,1,39,2.3733,1.9382,0.41117,7.371,6.5904,0.8593,317.9,39.4
281,1,15,1.3936,1.284,0.10359,6.0152,5.5829,0.45075,173.72,179.74
282,1,51,2.7102,1.7255,0.49533,6.6058,5.4763,0.57496,279.17,13.461
283,2,57,1.7766,1.4773,0.23585,6.2453,5.178,0.55564,277.8,39.913
284,4,57,1.4569,1.2183,0.13833,6.4117,5.2111,0.65185,322.52,26.509
285,4,18,1.4625,1.3071,0.13873,5.3872,5.0591,0.3399,256.09,174.68
286,5,30,1.4509,1.2464,0.1449,5.2623,5.1028,0.17202,350.93,1.6169
287,5,27,1.5697,1.3122,0.17473,5.8635,5.3498,0.3881,3.7832,1.1102
288,5,18,1.5589,1.3853,0.16178,5.8366,5.4901,0.42308,2.944,1.7914
289,6,12,1.1844,1.0919,0.074858,5.2111,4.7931,0.30035,266.54,2.0055
290,7,15,1.2073,1.1589,0.059993,4.979,4.7329,0.18355,283.61,3.5829
291,8,30,1.3107,1.1915,0.071381,5.1371,5.038,0.14232,337.41,4.9439
292,8,21,2.1268,1.627,0.39362,6.161,5.7903,0.55807,343.32,5.2349
293,8,27,1.8101,1.454,0.24003,6.1261,5.7113,0.35191,322.78,12.756
294,9,24,1.3304,1.1957,0.1091,5.5176,5.1321,0.27844,287.55,11.582
295,9,12,1.313,1.1683,0.14211,5.3603,5.1049,0.24794,282.49,5.145
296,9,21,1.6478,1.3437,0.23127,5.7746,5.2609,0.56278,291.25,8.3867
297,9,39,2.2187,1.6373,0.38099,6.2889,5.5825,0.51729,297.89,13.942
298,9,27,1.6246,1.3927,0.1922,5.884,5.4958,0.34532,299.92,3.4881
299,9,48,1.7588,1.3838,0.2455,5.8518,5.4226,0.40156,313,27.196
300,10,12,1.0513,1.0249,0.022142,3.7863,3.7583,0.024661,153.11,2.6809
301,11,12,1.211,1.1239,0.069821,5.0059,4.8594,0.15712,318.63,1.3012
302,11,30,1.242,1.1259,0.081615,4.9277,4.8297,0.092581,315.82,3.5478
303,11,12,1.2738,1.1759,0.094809,5.5882,5.1446,0.406,347.59,8.9487
304,11,12,1.292,1.1689,0.10581,4.8966,4.6557,0.30198,72.649,2.2401
305,12,168,3.0496,1.9091,0.48767,7.6275,6.287,0.65706,316.09,47.689
306,12,12,1.3409,1.2369,0.0969,5.6359,5.409,0.27986,280.4,7.1716
307,12,18,1.6474,1.3466,0.24618,5.5166,5.0363,0.62502,294.17,26.641
308,12,15,1.2123,1.1663,0.027108,4.9244,4.6975,0.20305,316.03,11.889
309,12,18,1.7236,1.5251,0.19475,5.4943,5.3127,0.33205,289.08,9.6134
310,12,36,2.7388,1.7074,0.55712,6.5918,5.6221,0.58988,295.81,10.483
311,1,24,1.1744,1.0933,0.054764,4.0054,3.8687,0.074037,136.77,2.5578
312,1,33,1.3576,1.1784,0.092053,4.2229,4.0565,0.12164,123.27,8.8449
313,2,27,1.2336,1.1275,0.083603,4.8277,4.6701,0.15425,63.446,3.776
314,3,48,3.1313,2.2389,0.70754,7.5242,6.482,1.0072,333.6,29.539
315,4,24,1.5296,1.227,0.18902,5.3765,5.0527,0.29396,305.43,6.4408
316,4,24,2.4781,1.8543,0.42786,6.268,5.7345,0.68384,282.81,20.629
317,4,12,1.1877,1.1149,0.05559,4.681,4.6176,0.066921,217.25,188.14
318,4,111,2.9725,1.6102,0.59633,7.5848,6.0041,0.69385,346.42,5.2323
319,6,27,1.8109,1.3879,0.27423,6.2724,5.624,0.48642,9.827,3.9801
320,6,18,1.3861,1.2351,0.1415,5.5626,5.223,0.33215,102.75,173.61
321,6,42,1.2155,1.1147,0.063621,4.9095,4.7029,0.16905,355.16,1.3865
322,6,15,1.3904,1.2279,0.13306,4.9635,4.7795,0.20393,324.65,0.67456
323,8,39,1.3559,1.2057,0.11808,5.2827,4.9569,0.18892,292,8.298
324,8,15,1.2325,1.1673,0.074665,5.4162,5.2504,0.13662,294.4,2.8621
325,8,18,1.1788,1.1027,0.062522,4.8969,4.7515,0.12611,294.52,6.3975
326,9,15,1.4003,1.2346,0.1614,5.5991,5.2337,0.38094,294.84,4.531
327,9,75,2.0758,1.3832,0.29224,5.9285,5.403,0.38052,311.48,15.959
328,9,42,1.7243,1.4486,0.18286,6.01,5.2356,0.52866,262.46,24.753
329,9,21,1.4854,1.2892,0.18017,5.7882,5.3904,0.56185,282.97,19.793
330,10,45,1.848,1.447,0.27482,5.6718,4.82,0.54129,232.3,26.486
331,10,51,1.6965,1.3608,0.21072,6.5508,5.9023,0.60149,285.23,131.16
332,10,30,1.3584,1.1715,0.10323,4.3845,4.1944,0.13613,205.42,12.28
333,10,51,2.0959,1.6627,0.29234,6.7317,6.2748,0.54616,326.02,29.229
334,11,48,3.5005,2.0474,0.79104,8.2248,6.4845,1.319,317.49,46.204
335,11,15,1.4213,1.223,0.15327,5.5566,5.1351,0.40883,282.15,16.77
336,11,33,1.7554,1.4913,0.25191,6.4824,5.9541,0.55115,289.99,134.63
337,11,33,1.7636,1.4859,0.23667,5.7319,5.4644,0.33968,346.8,7.5798
338,11,30,2.7618,2.0707,0.57129,7.2354,6.7698,0.50538,343.72,2.4181
339,11,24,1.6428,1.3888,0.19991,5.6423,5.3595,0.27648,290.96,2.2534
340,11,90,4.8923,2.0152,1.124,9.1223,6.3865,1.346,306.37,71.629
341,12,36,2.5671,1.7797,0.53279,6.9652,6.2482,0.63234,344.19,9.2987
342,12,42,1.4785,1.2709,0.11446,6.339,5.4,0.63101,309.58,37.553
343,12,24,1.4197,1.2432,0.14718,6.0985,5.364,0.42594,323.02,13.87
344,12,57,3.4777,2.2405,0.79743,8.1452,6.8593,1.1374,231.11,154.61
345,12,75,2.7623,1.6054,0.49139,7.5572,5.7198,0.94265,281.49,89.781
346,12,27,1.6057,1.3747,0.19498,5.966,5.4391,0.46307,285.69,6.4181
347,12,45,3.1125,1.8605,0.63044,7.3338,6.0069,0.89151,308.98,35.517
348,12,33,2.1873,1.5575,0.41721,6.1526,5.5434,0.51298,297.71,19.487
349,12,21,1.7691,1.4465,0.2906,5.8384,5.3908,0.36181,297.34,6.2982
350,12,42,2.7677,1.8739,0.61379,7.4396,6.2092,0.85108,321.17,22.531
351,1,12,1.2652,1.1619,0.093087,5.4743,5.0958,0.31306,331.35,7.698
352,1,15,1.6494,1.375,0.23795,5.7921,5.4601,0.33056,299.54,4.2433
353,1,15,1.5621,1.3347,0.18207,5.4747,5.2286,0.27844,302.51,1.8747
354,1,21,2.0981,1.6365,0.37282,6.1032,5.6422,0.46799,292.59,10.546
355,1,123,2.7311,1.6763,0.44094,6.593,5.6526,0.49337,296.42,8.7297
356,1,12,1.5228,1.2919,0.19297,5.6561,5.274,0.53941,301.96,19.673
357,1,33,1.8345,1.5102,0.27113,5.8708,5.6421,0.26358,290.67,11.306
358,2,18,1.2775,1.1482,0.090291,5.5722,5.2684,0.23084,281.74,1.8868
359,2,75,1.9822,1.4371,0.24213,6.0727,5.5511,0.51597,280.49,19.645
360,2,18,1.2705,1.1885,0.089932,5.1974,5.0834,0.1208,295.21,7.978
361,2,33,1.8154,1.532,0.23075,5.9266,5.5813,0.39313,297.6,14.359
362,2,12,1.7774,1.4821,0.29318,6.0298,5.7679,0.36466,295.12,5.5283
363,2,24,2.2804,1.5873,0.40759,6.3124,5.501,0.54365,300.24,6.4944
364,3,12,1.3881,1.1837,0.13113,5.4717,5.1478,0.41666,275.58,6.4259
365,3,12,1.6005,1.3011,0.24481,5.356,4.7404,0.71226,260.55,23.375
366,3,84,2.5192,1.6374,0.50685,6.3824,5.4652,0.65673,276.31,31.455
367,4,45,2.0263,1.4428,0.3486,6.3451,5.894,0.38825,4.9223,1.2222
368,4,15,1.2559,1.1807,0.0916,4.5519,4.3635,0.16925,77.595,4.6966
369,5,21,1.4029,1.2381,0.13807,5.3332,4.9949,0.28407,351.68,1.8643
370,5,24,1.3578,1.2035,0.082036,5.2848,4.9287,0.21576,11.157,4.0025
371,6,15,1.445,1.2157,0.16321,5.8507,5.1554,0.54507,6.5223,3.0173
372,6,15,1.3702,1.2134,0.12391,5.1414,4.9169,0.24624,352.94,2.1027
373,6,24,1.3696,1.2242,0.10153,5.3345,5.0187,0.20441,199.21,185.83
374,7,18,1.3011,1.1117,0.088337,4.8287,4.6511,0.11651,280.5,13.063
375,7,27,1.4597,1.2217,0.15239,5.5087,5.0884,0.27202,306.92,15.344
376,7,12,1.3112,1.2014,0.11788,5.5541,5.3791,0.16153,7.5824,3.1396
377,7,12,1.3361,1.1478,0.12994,5.0592,4.6589,0.47137,250.51,21.259
378,8,48,1.4485,1.2087,0.14198,5.6181,5.0465,0.33757,286.17,10.249
379,8,15,1.3421,1.2333,0.096217,5.4224,5.009,0.42024,278.9,9.2468
380,8,12,1.1691,1.1037,0.062482,5.7593,5.407,0.38598,329.88,6.6896
381,8,30,2.0246,1.4934,0.39086,6.3717,5.6016,0.64641,136.09,174.13
382,9,27,1.599,1.329,0.20892,6.0496,5.5357,0.42477,11.406,3.7122
383,9,117,3.2447,1.8987,0.62228,7.999,6.3277,0.99112,331.95,56.143
384,10,21,1.6517,1.4303,0.2086,5.7779,5.5455,0.32464,327.65,1.853
385,10,12,1.6954,1.3885,0.27168,5.6909,5.2556,0.57235,293.24,23.654
386,10,33,1.5765,1.1951,0.17283,5.6741,5.2014,0.37628,288.36,8.9332
387,10,21,1.4525,1.2755,0.14417,5.9079,5.5352,0.24965,302,10.158
388,10,18,1.4595,1.2794,0.15431,5.3207,5.1223,0.23868,326.74,4.3386
389,11,54,2.8993,2.0055,0.5814,7.5095,6.3935,1.0034,167.89,161.51
390,11,75,2.7962,1.7689,0.65538,8.2372,6.4272,1.0482,320.76,68.446
391,11,66,2.7102,1.8121,0.52278,7.4892,5.8842,0.98823,237.01,124.56
392,11,18,1.3817,1.2376,0.10838,5.3143,5.085,0.29608,305.89,8.8933
393,12,12,1.2855,1.1728,0.1033,5.2206,5.0107,0.2652,323.19,4.9476
394,12,138,4.3283,2.0825,0.74996,8.6833,6.5335,0.98474,324.32,24.106
395,12,81,1.8122,1.3725,0.27051,6.6594,5.5684,0.56991,276.02,102.81
396,12,15,1.6389,1.4034,0.22991,5.8081,5.4934,0.30217,291.72,4.6991
397,12,12,1.8571,1.4934,0.33009,5.44,5.2033,0.25716,305.03,3.0551
398,1,42,1.4755,1.2712,0.14118,5.6236,5.2543,0.23228,298.11,8.6969
399,1,27,1.7477,1.4938,0.19735,5.8045,5.4696,0.43055,286.49,10.611
400,1,12,1.2698,1.1503,0.097202,5.1605,4.9778,0.2475,297.18,9.4546
401,1,93,2.9442,1.7689,0.5329,6.8823,5.8132,0.66339,286.76,16.96
402,1,36,1.8847,1.3492,0.28349,5.8065,5.2822,0.34721,290.87,14.949
403,1,42,1.7339,1.4862,0.22679,5.7807,5.1715,0.58317,239.72,24.799
404,2,15,2.1317,1.6061,0.44616,5.8392,5.2382,0.89628,294.06,14.223
405,2,60,2.7339,1.7004,0.518,6.7771,5.3985,0.84694,262.96,37.312
406,2,36,1.9656,1.4824,0.29096,6.3972,5.6912,0.51258,296.76,6.0628
407,2,66,2.4935,1.7343,0.39514,6.4574,5.5407,0.66279,262.09,20.151
408,3,135,2.8712,1.683,0.42625,6.7061,5.7301,0.61147,305.1,21.156
409,3,24,1.6765,1.3362,0.23767,5.9692,5.4143,0.41295,290.19,4.8662
410,3,39,2.568,1.7715,0.5771,6.8168,5.9729,0.90379,303.87,26.885
411,3,51,2.5834,1.9175,0.53979,6.451,6.0037,0.39234,305.95,23.426
412,3,48,1.4755,1.2814,0.1246,5.5059,5.3179,0.16507,284.97,5.8447
413,4,33,1.9581,1.4578,0.31864,6.6319,5.6945,0.77023,320.63,27.546
414,5,12,1.4474,1.2144,0.17438,5.2107,4.8801,0.3532,298.61,1.8873
415,5,24,1.2802,1.1382,0.10805,5.6659,5.3005,0.41494,335.62,18.954
416,6,18,1.4595,1.2479,0.16985,5.293,4.9381,0.3402,314.41,10.27
417,7,84,1.543,1.2039,0.14921,5.88,5.2748,0.38445,332.89,10.48
418,7,15,1.1555,1.1045,0.034135,5.116,4.9022,0.24347,340.5,2.8466
419,8,48,1.6777,1.2662,0.19866,5.7253,5.1385,0.3463,333.56,16.399
420,8,18,1.518,1.3637,0.15229,6.1773,5.7094,0.47462,339.71,9.6926
421,9,42,1.5438,1.3358,0.16587,5.9476,5.5595,0.34472,6.6588,2.0549
422,9,51,1.9406,1.4837,0.23881,6.5204,5.8702,0.55519,254.53,139.04
423,9,69,2.2234,1.4405,0.34335,5.8788,4.966,0.5626,251.18,29.731
424,9,12,1.3143,1.1807,0.11366,5.8736,5.6422,0.27625,353.36,4.8099
425,9,33,1.3286,1.1775,0.087679,5.184,4.9827,0.15374,278.74,7.1572
426,10,18,2.3347,1.7387,0.44329,6.6224,6.0787,0.6228,328.07,32.237
427,10,21,1.3557,1.2198,0.11405,5.2835,4.7285,0.37993,261.04,25.201
428,10,15,1.3425,1.2241,0.10657,5.5685,5.1154,0.39174,275.81,10.027
429,10,39,1.262,1.1632,0.07742,5.2991,5.0292,0.23936,271.02,13.227
430,10,51,2.2591,1.8323,0.37604,7.1143,6.4554,0.65511,180.45,179.64
431,10,15,1.4657,1.2652,0.15504,4.3361,4.1062,0.22922,135.09,1.3083
432,10,18,1.8767,1.4454,0.3291,5.4717,5.05,0.38975,301.82,15.909
433,11,57,1.4123,1.2601,0.10426,5.7383,5.3103,0.27445,340.11,9.7952
434,11,42,1.9792,1.5632,0.26337,6.3611,5.5696,0.60131,282.48,19.912
435,11,51,2.4337,1.7285,0.4945,7.4845,6.4856,1.1064,335.49,30.351
436,12,42,1.5454,1.2658,0.17656,5.5716,5.1989,0.3158,283.92,10.921
437,12,24,1.5618,1.3407,0.19843,6.1778,5.7978,0.4404,353.12,2.4093
438,12,30,1.7746,1.4304,0.25767,6.1965,5.6373,0.51466,6.7285,4.588
439,12,12,1.2082,1.0824,0.080147,4.5926,4.3779,0.27143,242.96,12.415
440,12,15,1.8499,1.5104,0.28659,5.9543,5.7156,0.30835,334.65,7.2276
441,12,54,1.6572,1.2951,0.18196,4.6355,4.2122,0.23811,185.8,5.2131
442,12,33,1.5736,1.3566,0.16234,5.7354,5.3308,0.5636,286.86,5.4316
443,1,15,2.0669,1.6149,0.38662,6.1377,5.6009,0.62011,287.65,11.008
444,1,21,1.8298,1.4225,0.29068,6.0511,5.2593,0.86194,250.36,25.871
445,1,12,1.1993,1.1388,0.058685,5.7476,4.739,0.6898,240.97,23.734
446,1,33,2.3295,1.5813,0.43433,6.6236,5.4253,0.90268,262.29,30.374
447,1,15,1.351,1.1758,0.14214,5.8352,5.3186,0.46961,169.99,184.24
448,1,15,1.2894,1.1654,0.098706,5.5295,5.2856,0.27139,335.38,6.542
449,1,18,1.2031,1.1094,0.064176,5.1534,5.0692,0.096589,302.78,4.3793
450,1,27,1.742,1.4165,0.23615,5.6455,5.336,0.28613,304.97,8.0963
451,1,39,1.4156,1.2831,0.10367,5.5982,5.3101,0.29654,172.5,167.77
452,2,24,1.3032,1.1862,0.10425,5.9819,5.5999,0.30448,21.207,3.1472
453,2,24,1.225,1.1048,0.079307,4.3752,4.1338,0.15751,99.266,2.1102
454,2,42,2.542,1.8916,0.49266,6.7566,6.0733,0.64871,304.39,85.323
455,2,30,2.4359,1.768,0.50348,6.6331,6.1557,0.56432,335.18,6.7287
456,2,39,2.3194,1.823,0.40227,7.0122,6.5252,0.6708,153.06,178.86
457,4,15,1.3031,1.2167,0.10633,5.2947,5.0121,0.20627,301.94,5.8233
458,4,51,1.7406,1.4819,0.21206,6.3744,5.7674,0.4912,144.44,171.96
459,5,21,1.1243,1.0485,0.042992,6.6536,6.4888,0.13824,221.38,181.95
460,5,30,1.5106,1.3595,0.15,5.3484,5.0855,0.27609,163.26,184.28
461,5,93,2.1604,1.4471,0.31767,5.999,5.3225,0.43556,312.11,24.257
462,6,15,1.5989,1.3645,0.20309,4.8227,4.5358,0.21845,212.9,4.3252
463,8,42,1.761,1.306,0.25316,5.9585,5.2957,0.3726,300.42,7.3991
464,9,84,2.4142,1.6082,0.4289,6.7097,5.8752,0.65264,334.93,15.921
465,9,24,1.4216,1.2358,0.12737,5.7974,5.3397,0.27818,309.66,12.544
466,9,15,1.1511,1.0662,0.049242,4.946,4.6216,0.27793,259.1,20.4
467,10,12,1.6402,1.4154,0.20605,5.6638,5.4235,0.29234,327.56,6.3827
468,10,42,2.0173,1.5622,0.30063,5.515,4.9841,0.26361,243.2,18.566
469,10,21,1.4135,1.2458,0.09591,6.8196,6.3567,0.43543,356.47,2.4656
470,10,42,2.4685,1.7643,0.48939,7.1334,6.1721,0.69031,346.4,15.056
471,11,18,1.532,1.2767,0.18995,4.4838,4.2021,0.23047,185.66,10.49
472,11,15,1.1361,1.0827,0.043806,4.0327,3.952,0.093992,192.13,7.2451
473,11,27,1.7066,1.3246,0.2106,4.8785,4.625,0.15288,235.72,20.824
474,11,15,1.4752,1.2915,0.18144,5.6548,4.9748,0.66026,261.47,30.063
475,11,42,1.4368,1.2088,0.12153,5.0693,4.9083,0.1241,274.1,8.5082
476,11,12,1.418,1.2361,0.1498,4.4715,4.3352,0.1329,219.64,11.2
477,11,12,1.1556,1.1001,0.046647,5.856,5.7927,0.048287,144.72,194.16
478,12,18,1.2768,1.114,0.075638,5.0518,4.9556,0.10001,305.06,5.502
479,12,60,2.2484,1.6703,0.38765,6.8954,6.2732,0.50961,169.47,179.78
480,12,27,1.5092,1.329,0.16316,5.6126,5.3527,0.25716,315.5,2.5057
481,12,51,2.5229,1.8682,0.45684,6.6509,6.0432,0.46006,292.28,7.9863
482,12,24,1.4698,1.2561,0.15772,5.3403,4.8097,0.39859,260,41.831
483,12,33,1.5267,1.2997,0.1354,5.7385,5.1693,0.39972,262.67,15.325
484,12,21,1.5864,1.3303,0.16051,5.1568,4.9399,0.24248,262.94,27.904
485,12,42,1.9836,1.5757,0.35782,6.5894,5.8835,0.70704,326.79,37.096
486,12,66,2.8901,1.8934,0.60906,7.6736,6.347,0.90626,325.28,24.715
487,1,117,2.5115,1.7223,0.36714,6.725,5.8846,0.51534,286.01,18.922
488,1,27,1.6932,1.3855,0.26122,6.75,6.0053,0.90093,341.81,21.482
489,1,60,2.0858,1.6373,0.31552,6.8729,6.1182,0.62232,316.2,33.178
490,1,45,4.3017,2.5078,1.0603,8.7138,7.0259,1.2405,335.46,19.931
491,1,18,1.3665,1.2175,0.090959,5.4129,5.1758,0.20115,306.61,1.2259
492,1,24,1.2881,1.1471,0.068427,5.4217,5.1234,0.27972,329.72,20
493,2,75,2.2529,1.6281,0.36715,6.8064,6.0104,0.72041,326.69,23.665
494,2,81,1.8283,1.3199,0.22481,6.3056,5.6685,0.40014,213.17,156.07
495,2,39,3.4359,2.0054,0.78462,7.3393,6.3251,1.0077,306.06,38.949
496,3,48,1.8184,1.4467,0.236,6.5883,5.519,0.61184,302.52,29.853
497,3,15,1.4951,1.2912,0.16305,4.578,4.336,0.23862,205.77,5.479
498,3,33,1.5629,1.2298,0.22657,5.9603,5.2621,0.59504,295.71,15.034
499,3,12,1.3245,1.2008,0.1293,5.7095,5.4378,0.23483,333.41,2.8939
500,4,24,1.8993,1.4035,0.32127,5.7821,5.048,0.61557,276.86,25.275
501,4,48,1.9012,1.4399,0.25923,6.4425,5.8066,0.49881,343.94,10.05
502,5,15,1.1566,1.0774,0.056139,5.1899,4.6811,0.49933,271.92,25.567
503,5,24,1.5142,1.3341,0.18243,5.7578,5.376,0.39719,235.61,174.48
504,7,39,1.9562,1.569,0.26133,6.2301,5.7279,0.54739,301.05,15.759
505,8,18,1.3343,1.1838,0.11295,5.3107,5.0381,0.18917,295.48,4.056
506,9,18,1.9277,1.5214,0.35311,5.7745,5.5143,0.34034,311,7.8314
507,9,51,4.1395,2.5623,1.0328,8.0382,6.6944,1.0808,346.27,6.2751
508,9,63,1.9354,1.5091,0.23531,6.137,5.6166,0.42695,296.16,98.212
509,9,30,1.3283,1.1663,0.10033,5.8357,5.6786,0.16912,293.54,144.2
510,9,12,1.1096,1.0321,0.043997,6.0379,5.5838,0.29268,357.56,1.4868
511,10,141,2.7766,1.5901,0.44155,7.9048,6.0352,0.82694,326.27,54.749
512,10,15,1.1856,1.1024,0.068517,4.8665,4.6056,0.20695,239.82,18.207
513,10,12,1.1625,1.0941,0.051738,4.7287,4.4813,0.27207,237.94,9.2725
514,11,27,1.2686,1.1745,0.072879,5.8868,4.7555,0.7708,237.76,34.199
515,11,24,1.6456,1.3166,0.25242,5.5707,5.2425,0.28814,306.51,22.704
516,11,63,2.896,1.8105,0.58596,7.7205,6.2214,0.94628,325.17,26.783
517,11,12,1.2886,1.1399,0.11816,4.1995,4.0927,0.077125,174.09,3.9718
518,11,21,1.6284,1.4141,0.18143,5.0321,4.564,0.37846,196.55,34.917
519,11,27,1.7573,1.4492,0.17322,5.7227,5.2791,0.28181,282.26,19.351
520,11,24,1.6096,1.35,0.18711,6.3624,5.7591,0.52194,348.91,9.3907
521,11,36,2.78,1.9773,0.5479,6.4435,5.6291,0.75077,291.73,43.965
522,11,15,1.3238,1.1635,0.097577,4.1865,4.0511,0.11357,187.67,5.265
523,12,12,1.2641,1.1748,0.079864,4.2326,4.0471,0.15177,188.44,7.9339
524,12,36,1.725,1.4211,0.23458,5.8933,5.478,0.42084,317.23,16.67
525,12,12,1.316,1.2195,0.091781,4.244,4.092,0.17804,185.87,7.5154
526,12,21,2.0073,1.5826,0.32974,7.166,6.4374,0.72538,89.112,159.99
527,12,39,1.8647,1.4563,0.28026,6.016,5.5751,0.29441,319.92,14.078
528,1,18,1.4759,1.2893,0.17492,5.5944,5.2246,0.45008,296.03,5.7939
529,1,18,1.2709,1.1706,0.08756,5.3694,4.766,0.46109,249.95,22.862
530,1,114,3.4385,1.9259,0.61921,7.5362,5.9171,0.82978,277.3,24.958
531,1,39,2.3566,1.6761,0.39299,6.6376,5.9569,0.45423,288.14,5.0342
532,1,132,3.2523,2.0361,0.64949,7.2154,6.1377,0.6406,296.89,18.99
533,1,54,2.0269,1.551,0.31099,6.4191,5.8952,0.41424,335.14,10.914
534,2,87,2.7772,1.534,0.38522,6.661,5.9325,0.38086,302.92,18.456
535,2,15,1.2202,1.1307,0.072551,6.0558,5.6377,0.37121,350.8,6.0878
536,2,21,2.0903,1.6031,0.36611,6.3354,5.8732,0.51904,350.08,7.4104
537,2,24,2.1446,1.7188,0.33674,7.0744,6.0985,0.78127,311.37,44.292
538,2,39,3.6518,2.0705,0.92343,8.121,6.9865,0.76208,303.57,128.53
539,2,24,1.6504,1.3443,0.22568,6.23,5.8334,0.22807,48.063,116.3
540,3,12,1.203,1.1356,0.062969,6.1001,5.7248,0.34669,1.7064,0.13213
541,3,99,2.6756,1.7905,0.51438,6.6605,5.7623,0.54895,294.94,5.0127
542,3,30,1.5541,1.2477,0.18682,5.6813,5.1705,0.35142,288.35,5.3731
543,3,15,1.4905,1.2862,0.1679,6.2205,5.6883,0.6361,353.25,2.5166
544,3,33,1.8107,1.4597,0.29591,7.2253,5.9399,0.91494,16.18,6.7952
545,4,57,2.4255,1.8005,0.41801,6.8861,6.2258,0.51279,55.832,129.97
546,4,12,1.7177,1.4438,0.27609,5.3457,5.1095,0.25267,299.44,6.798
547,5,15,1.5514,1.2936,0.21094,6.0826,5.6545,0.63844,4.9296,1.5171
548,6,18,1.3187,1.1627,0.10766,5.0992,5.0008,0.088323,292.98,4.5862
549,6,30,1.4436,1.2301,0.12365,5.5123,5.0938,0.27737,318.97,7.4658
550,7,48,1.8613,1.4052,0.23487,5.8307,5.201,0.36831,301.74,15.301
551,7,21,1.1637,1.1021,0.048269,4.8409,4.5826,0.15777,308.84,3.6506
552,8,30,1.8119,1.3207,0.29429,6.1415,5.2925,0.55407,306.69,4.6934
553,8,12,1.2298,1.1552,0.078158,5.1595,4.9962,0.16399,300.3,3.3119
554,9,21,1.2758,1.1167,0.1076,5.5671,5.335,0.12323,4.7046,2.2632
555,9,18,1.2568,1.1282,0.072607,4.9501,4.8666,0.077985,63.627,8.0635
556,9,12,1.2889,1.1615,0.10944,5.2495,5.0539,0.21007,348.84,3.1042
557,10,33,1.2161,1.1095,0.064923,4.0892,3.9573,0.099046,124.29,1.7172
558,10,15,1.6852,1.3422,0.2325,6.2122,5.6576,0.47472,259.6,130.36
559,10,30,1.6721,1.3422,0.23507,6.2738,5.5991,0.63109,322.5,26.766
560,10,21,1.4056,1.2528,0.12288,5.6828,5.5586,0.10963,24.913,1.2253
561,10,27,1.5085,1.2739,0.15091,5.8518,5.3987,0.27288,329.04,17.199
562,11,54,1.4572,1.2346,0.14715,4.2827,4.036,0.17933,148.5,9.6709
563,11,30,1.5634,1.2989,0.20776,4.901,4.6076,0.23377,85.205,5.8207
564,12,39,1.5181,1.3492,0.13598,5.677,5.3669,0.23259,288.32,8.6174
565,12,12,1.5926,1.3212,0.24143,5.6782,5.2303,0.66912,329.98,0.71517
566,12,30,1.7483,1.3728,0.27431,5.781,5.1304,0.58463,289.27,34.3
567,12,24,1.3352,1.2141,0.08015,5.3076,5.2083,0.14162,299.36,15.39
568,12,63,3.079,1.7451,0.63853,7.2825,5.6983,1.1375,269.27,40.241
569,12,12,1.2541,1.158,0.095317,5.2458,4.8188,0.29791,68.388,2.0434
570,1,93,2.5853,1.6463,0.53251,6.7453,5.7709,0.75466,291.02,20.227
571,1,15,1.4475,1.3238,0.13355,5.6277,5.1382,0.59574,263.75,14.645
572,1,39,2.0168,1.5763,0.33351,7.1112,6.0444,0.8189,329.19,39.018
573,2,21,1.3975,1.291,0.10657,5.6026,4.9546,0.59377,295.34,21.782
574,2,18,1.5574,1.3388,0.19907,6.3104,5.984,0.28448,27.936,4.2894
575,3,15,1.7349,1.4372,0.26037,5.8688,5.4815,0.39902,296.81,7.1165
576,3,45,2.5299,1.8451,0.46103,6.3064,5.7071,0.53104,288.16,11.456
577,3,42,2.6868,1.9831,0.53336,6.5554,5.7807,0.71255,277.46,19.813
578,4,39,1.7337,1.4815,0.22972,5.6945,5.3467,0.45293,269.31,141.69
579,4,24,1.3748,1.225,0.12666,5.3944,4.9026,0.34359,232.31,171.07
580,5,24,1.5277,1.3043,0.1779,6.0411,5.6876,0.36429,353.18,2.5842
581,5,15,1.6652,1.3966,0.21888,5.7003,5.374,0.35985,358.16,1.4986
582,5,18,1.5164,1.3062,0.18909,5.4882,5.1128,0.30033,298.14,7.978
583,6,21,1.5947,1.3546,0.19272,5.3613,5.1215,0.22636,296.37,4.7805
584,6,54,2.4557,1.7101,0.49783,6.4686,5.763,0.49536,301.37,17.674
585,8,30,1.9119,1.5648,0.26296,5.6575,5.2118,0.3704,268.07,10.797
586,8,12,1.2271,1.1543,0.083396,4.8634,4.7499,0.16078,304.2,0.52208
587,8,21,1.427,1.204,0.15739,5.343,5.1773,0.116,282.92,14.556
588,9,15,1.3365,1.1656,0.12794,4.4033,4.1894,0.21156,210.88,8.7333
589,9,51,2.432,1.7728,0.37837,6.7614,5.9271,0.55374,287.94,13.451
590,10,30,2.2242,1.5897,0.4434,6.7238,5.922,0.82555,303.25,27.181
591,10,36,1.8299,1.3816,0.24899,6.1736,5.3091,0.57949,290.32,21.353
592,10,42,2.3736,1.6451,0.38434,6.3655,5.671,0.55587,288.44,117.75
593,10,18,1.6166,1.344,0.20881,5.561,5.2389,0.28203,305.53,5.3477
594,10,45,1.2695,1.1751,0.082808,5.6281,5.3495,0.27248,279.79,132.62
595,11,42,1.619,1.461,0.15922,5.7188,5.4064,0.27225,289.99,16.22
596,11,24,1.1222,1.0729,0.04592,3.9496,3.8433,0.091192,154.63,8.176
597,11,18,1.4661,1.318,0.15836,4.4568,4.294,0.19807,193.76,14.058
598,11,30,1.8656,1.5554,0.21255,5.9658,5.5405,0.27631,287.16,10.689
599,11,12,1.3759,1.1809,0.17865,5.4891,5.2258,0.32119,352.65,0.93286
600,11,30,1.813,1.4329,0.27904,5.6513,5.1651,0.51031,293.97,27.895
601,11,18,1.179,1.1024,0.065008,5.3805,5.2019,0.17891,298.26,2.1926
602,11,57,2.5713,1.9035,0.5103,7.3501,6.2604,0.74506,322.19,28.848
603,11,60,2.5412,1.9142,0.51672,7.014,6.2222,0.78351,282,119.45
604,12,18,1.3483,1.2757,0.079276,5.2166,5.0449,0.27801,285.73,5.7825
605,12,27,1.6462,1.3654,0.18958,5.4436,4.99,0.39461,294.01,4.7738
606,12,45,1.9294,1.5174,0.30588,6.1504,5.6383,0.48946,342.55,3.2177
607,12,15,1.1972,1.1071,0.072217,4.0508,3.9215,0.11955,174.38,5.2096
608,12,33,1.6051,1.3705,0.1967,6.2972,5.3816,0.90008,262.11,44.014
609,1,33,2.7939,1.9805,0.60763,7.9369,7.0642,0.92074,207.44,181.26
610,1,48,1.8232,1.3229,0.2766,6.3002,5.8054,0.40294,288.8,137.41
611,1,30,1.2486,1.1454,0.066789,4.0096,3.9114,0.093697,147.9,3.2241
612,1,15,1.2162,1.1578,0.041338,3.9921,3.9341,0.065087,152.69,2.7538
613,1,60,1.79,1.3048,0.20314,5.6903,4.9682,0.4212,251.78,30.046
614,1,21,1.8859,1.4951,0.27654,5.8178,5.4964,0.34959,315,11.307
615,1,18,1.587,1.3184,0.21904,5.7186,5.4493,0.31829,353.89,1.9839
616,2,12,1.4031,1.2424,0.16324,4.411,4.3398,0.049637,218.25,27.568
617,2,24,1.8419,1.4977,0.28021,6.3566,5.8537,0.48579,316.7,19.388
618,2,24,1.5056,1.2964,0.16972,5.5976,5.2954,0.17944,309.88,12.137
619,2,102,2.3129,1.3997,0.33822,6.5527,5.3772,0.42709,298.89,12.149
620,2,12,1.4845,1.2578,0.18988,6.0147,5.5308,0.61042,279.7,11.717
621,2,27,1.4613,1.2218,0.15976,5.3284,4.7348,0.46147,241.35,31.308
622,2,15,1.9186,1.5332,0.2838,6.1041,5.6518,0.57338,284.08,3.7532
623,2,27,1.7509,1.3265,0.2158,6.0341,5.1506,0.64716,265.58,23.381
624,3,18,1.5224,1.2812,0.15193,5.4832,4.9997,0.5053,262.47,19.238
625,3,72,1.7174,1.3433,0.19016,6.1674,5.3766,0.39777,314.2,31.627
626,3,30,1.7515,1.3778,0.24116,5.5941,5.2011,0.35968,285.64,17.156
627,3,39,2.6165,1.7589,0.54147,7.4042,6.2798,0.73947,319.14,9.3047
628,3,21,1.5434,1.3252,0.14887,6.1623,5.741,0.33088,353.98,2.7718
629,4,39,2.1022,1.6029,0.30803,5.9723,5.4674,0.31698,305.93,5.2718
630,4,21,1.3127,1.1632,0.09677,5.1185,4.8172,0.2601,309.75,3.7906
631,4,48,3.47,2.1753,0.74446,7.86,6.4801,0.94637,334.67,23.053
632,4,12,1.458,1.3124,0.14604,5.3774,4.9993,0.50681,80.538,155.78
633,5,18,1.2166,1.1389,0.072293,5.5919,5.0653,0.41019,334.34,15.816
634,5,12,1.1953,1.1356,0.069063,5.207,5.0746,0.1297,214.6,193.19
635,5,24,2.3279,1.6865,0.46104,6.5374,6.0284,0.41122,316.25,7.2795
636,6,15,1.3897,1.2047,0.13049,5.5056,5.1722,0.34863,290.24,4.9265
637,6,45,1.9515,1.436,0.34905,6.5678,5.8043,0.50857,351.86,3.8934
638,6,30,1.5533,1.2816,0.18262,5.471,5.1195,0.25443,6.0504,2.5855
639,7,30,1.3679,1.1716,0.12047,5.1286,4.892,0.19785,284.16,8.7229
640,8,15,1.2872,1.1644,0.076821,5.4394,5.1523,0.20982,7.4657,1.4135
641,8,75,3.6722,2.2453,0.71867,8.2136,6.8742,0.96625,182.81,168.27
642,9,15,1.4215,1.2166,0.12174,5.5325,5.018,0.39705,120.22,133.78
643,9,12,1.2116,1.1227,0.076129,5.2233,4.6327,0.41404,242.21,10.992
644,9,57,2.4172,1.6886,0.52679,6.2496,5.3353,0.67307,263.18,6.139
645,10,24,1.9986,1.4883,0.34299,6.7118,6.2892,0.59035,332.14,1.5359
646,10,96,2.0385,1.584,0.33144,6.9161,5.935,0.60345,309.87,27.955
647,11,27,1.5359,1.3875,0.14083,6.0732,5.5371,0.48635,177.19,182.44
648,11,51,2.2875,1.501,0.39685,7.7397,6.6684,0.75619,243.43,161.3
649,11,33,2.2658,1.7594,0.42425,6.9477,6.2691,0.59539,91.004,158.55
650,11,15,1.2981,1.1872,0.097029,5.8053,5.4499,0.3617,318.98,1.4318
651,11,51,2.9953,1.956,0.59033,7.6405,6.3071,0.88922,299.51,34.652
652,12,36,1.705,1.3535,0.21127,6.1799,5.5075,0.44792,156.45,154.42
653,12,42,2.3209,1.7969,0.33308,7.0179,6.1659,0.65351,318.73,16.993
654,12,21,1.4977,1.3172,0.14126,6.3751,5.6837,0.48718,311.88,124.93
655,2,30,1.6481,1.4047,0.20306,6.6069,6.1955,0.48635,353.85,3.069
656,2,15,1.7946,1.473,0.28324,5.7143,5.1999,0.58207,268.78,19.154
657,2,36,2.3467,1.8072,0.38816,7.333,6.4254,0.70291,325.34,33.596
658,2,42,2.3022,1.8044,0.45447,7.5165,6.9981,0.52257,19.079,4.0037
659,2,15,1.2104,1.1079,0.086766,5.2033,4.9959,0.24504,339.51,2.4442
660,3,27,1.6549,1.295,0.20133,5.5194,5.2032,0.3617,328.61,22.699
661,4,15,1.3445,1.1597,0.13525,5.3074,4.8372,0.36288,323.78,9.3785
662,4,36,1.7907,1.3742,0.26992,7.4959,6.7022,0.73925,58.895,133.41
663,5,15,1.3987,1.2649,0.10065,4.9771,4.7163,0.34573,265.06,2.3529
664,5,30,1.4436,1.3009,0.14045,7.8233,7.1735,0.51605,66.622,144.94
665,5,33,1.7592,1.3401,0.27795,5.4244,4.9392,0.38275,295.79,1.4603
666,6,27,1.5359,1.2659,0.19251,5.3846,5.0321,0.26276,298.35,3.2816
667,7,24,1.5515,1.3046,0.17154,5.2446,4.9712,0.15408,241.15,65.051
668,7,33,1.3041,1.165,0.086737,5.1098,4.8155,0.24873,121.22,174.23
669,9,123,2.4564,1.5049,0.41382,6.7946,5.9413,0.51367,72.352,140.12
670,9,15,1.8287,1.5289,0.27016,6.1941,5.7388,0.28895,339.85,4.2325
671,9,78,2.7653,1.7372,0.55381,7.3391,6.0542,0.83619,149.02,171.64
672,10,24,2.2202,1.6441,0.42831,6.3028,5.7118,0.67361,319.02,9.7235
673,11,36,1.3807,1.2606,0.11966,5.5889,5.3406,0.23075,289.39,8.5538
674,11,111,1.764,1.3415,0.18696,5.8466,5.1634,0.50409,266.28,26.252
675,11,21,1.5024,1.2232,0.19656,4.926,4.6051,0.23612,243.81,5.9789
676,12,60,3.1396,1.9526,0.6675,7.5843,6.09,0.99228,296.38,40.462
677,12,15,1.834,1.4162,0.28583,6.4301,5.8223,0.76222,112.13,157.63
678,12,15,1.2112,1.1416,0.072985,6.4665,6.0758,0.43649,296.92,145.36
679,12,30,1.5031,1.2505,0.11775,5.9296,5.4795,0.2371,327.2,10.557
680,12,42,2.4737,1.8106,0.44776,7.2396,6.3318,0.71831,160.91,157.87
681,12,18,1.44,1.2246,0.12206,5.0463,4.8811,0.14514,247.41,12.72
682,1,12,1.1764,1.0935,0.072769,5.1195,5.0285,0.070187,306.61,10.094
683,1,24,1.3545,1.159,0.14173,5.6275,5.2761,0.25346,288.17,10.425
684,1,24,1.7272,1.3842,0.24879,6.6496,5.946,0.73134,345.03,15.841
685,1,42,1.7769,1.494,0.24403,6.4015,5.7076,0.38996,325.6,13.791
686,1,69,2.6251,1.9317,0.57006,7.455,6.4047,0.94752,336.55,23.911
687,2,18,1.1679,1.1192,0.053042,4.9963,4.8965,0.099454,299.97,1.8891
688,2,33,2.1536,1.5833,0.36013,6.3442,5.6756,0.50375,291.85,9.9744
689,2,12,1.3633,1.2233,0.13733,5.5799,5.168,0.47163,286.51,7.9164
690,2,27,2.1435,1.7026,0.36003,6.3216,5.7699,0.51153,279.78,6.0999
691,2,57,1.6899,1.3895,0.16901,6.3029,5.9072,0.25706,267.44,155.72
692,2,12,1.1475,1.0912,0.0584,3.9849,3.9229,0.043027,152.68,4.1483
693,2,57,3.0227,1.5557,0.59675,6.9758,5.5187,0.84499,288.71,21.954
694,2,12,1.6689,1.358,0.25345,4.7439,4.4254,0.33112,209.42,13.183
695,2,18,1.5556,1.3585,0.16321,5.4316,5.3392,0.10277,307.12,6.6774
696,3,48,2.4322,1.8638,0.43299,6.3976,5.8479,0.47423,295.23,8.574
697,3,54,1.8461,1.3146,0.23776,6.119,5.5807,0.38513,351.21,5.4483
698,3,18,1.422,1.2941,0.12166,5.7305,5.5481,0.1721,299.28,131.9
699,3,27,1.8958,1.4575,0.28288,5.8479,5.0271,0.67575,265.84,37.467
700,4,15,1.3342,1.2085,0.081394,4.9872,4.8771,0.1254,295.92,10.077
701,4,36,1.7914,1.3334,0.24101,5.9185,5.2133,0.57282,302.03,129.57
702,4,69,3.9406,2.2775,0.89111,8.107,6.5038,1.1812,327.87,27.769
703,4,66,1.7232,1.3523,0.23273,6.9504,5.6239,0.62616,245.42,165
704,4,12,1.3078,1.1668,0.12993,5.3447,5.1719,0.20587,4.6893,2.3746
705,5,21,1.5162,1.2519,0.15105,5.4535,5.0088,0.29479,299.47,7.2269
706,5,69,1.9793,1.4327,0.25963,6.2094,5.3984,0.4298,35.282,99.608
707,6,24,1.2284,1.0979,0.07227,5.0365,4.7795,0.15925,293.58,3.4108
708,7,12,1.2175,1.129,0.087423,4.9935,4.7375,0.26422,3.7555,2.0935
709,7,18,1.3698,1.2087,0.12625,5.3095,5.1634,0.15974,4.5103,1.8995
710,7,21,1.2584,1.149,0.085402,5.4942,5.1513,0.32812,353.74,1.8875
711,7,15,1.1747,1.1233,0.053436,4.8888,4.8303,0.082077,28.619,3.9096
712,7,18,1.5465,1.3211,0.19909,5.7906,5.2641,0.53457,282.27,11.041
713,9,105,2.657,1.8326,0.55582,6.9145,5.9982,0.85264,305.31,23.187
714,9,36,1.5463,1.3648,0.12172,5.7016,5.3493,0.18526,283.8,8.4089
715,9,12,1.1095,1.0905,0.02862,5.1395,5.0346,0.16632,300.9,3.9481
716,9,39,1.3487,1.2036,0.073106,5.7012,5.1825,0.3219,340.23,19.958
717,9,42,1.8807,1.5028,0.27116,6.3005,5.6795,0.49493,307.62,124.22
718,10,42,1.9805,1.4531,0.28086,5.9121,5.4283,0.58071,318.11,40.486
719,10,48,2.5922,1.769,0.4603,7.3704,6.0551,0.93592,308.92,28.438
720,10,12,1.7827,1.4537,0.28273,5.5703,5.0479,0.57698,265.59,14.218
721,10,45,1.8822,1.3313,0.25389,6.2023,5.3152,0.5571,299.29,40.36
722,10,75,1.57,1.374,0.16046,5.8786,5.3322,0.37747,312.15,32.101
723,10,90,1.8726,1.4406,0.20636,6.7116,6.0221,0.3674,342.7,6.2535
724,10,15,1.2175,1.109,0.07282,5.1144,5.0251,0.088535,320.59,19.283
725,11,18,1.3723,1.1881,0.13058,5.7669,5.5916,0.12571,290.95,5.6087
726,11,21,2.471,1.6584,0.53941,6.6429,6.1318,0.61107,174.31,181.37
727,11,30,1.3546,1.1999,0.12161,5.445,5.1147,0.3424,45.709,104.33
728,12,24,1.2824,1.1198,0.095052,4.8474,4.6042,0.1597,244.48,9.199
729,1,18,1.5841,1.2923,0.17509,5.3449,4.992,0.39077,286.88,9.4111
730,1,12,1.0958,1.0533,0.035336,5.0604,4.8976,0.13465,274.93,7.3961
731,1,24,1.6179,1.3961,0.195,7.311,7.081,0.19083,353.78,3.1216
732,1,144,4.3978,1.917,0.8829,9.2303,6.2703,1.2065,316.66,34.976
733,2,36,1.5053,1.1949,0.16125,5.6096,5.0398,0.36535,282.01,20.256
734,2,18,1.3258,1.2164,0.10685,5.455,5.2702,0.14027,296.23,3.8091
735,2,30,1.6117,1.3256,0.19085,5.617,5.1768,0.28064,295.37,8.2084
736,2,93,2.0652,1.422,0.34781,6.6306,5.5137,0.55282,313.57,25.85
737,2,15,1.744,1.4597,0.24585,6.0796,5.6003,0.47452,286.57,9.4758
738,2,15,1.2478,1.148,0.072406,5.5322,5.2131,0.34163,292.53,1.1943
739,2,78,2.3819,1.4561,0.31705,6.162,5.3921,0.43493,280.45,15.365
740,3,12,1.4417,1.2681,0.1637,5.3043,4.9442,0.40723,288.68,10.66
741,3,15,1.6019,1.2846,0.18689,5.8061,5.0335,0.65888,269.79,25.057
742,3,24,1.95,1.605,0.33973,6.5476,5.9723,0.46528,344.45,4.5402
743,3,36,3.0113,1.967,0.66956,7.4264,6.2384,0.99276,336.68,31.513
744,3,21,1.3751,1.2083,0.11229,5.3005,5.071,0.123,317.85,12.589
745,3,15,1.4005,1.2093,0.13896,5.632,5.3264,0.30664,352.35,5.0468
746,4,12,1.357,1.2424,0.11001,5.6157,5.378,0.29436,8.995,1.3063
747,5,21,1.7075,1.3647,0.23216,5.2694,4.9648,0.27624,322.13,10.674
748,5,12,1.2252,1.1104,0.082417,5.2285,4.773,0.45559,5.4881,1.29
749,5,36,2.0706,1.5755,0.29178,6.1178,5.5897,0.56401,341.63,5.3123
750,6,72,1.6185,1.3715,0.16786,5.7511,5.1057,0.27788,270.89,88.74
751,7,27,1.4307,1.197,0.13137,5.0634,4.8821,0.18426,290.76,3.7995
752,7,12,1.4268,1.3476,0.092402,5.1472,4.8695,0.26178,283.47,3.8003
753,8,18,1.3668,1.2314,0.10292,5.1287,5.013,0.16093,296.66,4.6199
754,8,21,2.2537,1.728,0.43865,6.2541,5.8451,0.37869,326.34,16.717
755,8,15,1.2712,1.2023,0.072388,5.2683,5.038,0.2507,300.88,1.5479
756,8,30,1.4992,1.3009,0.11963,5.3189,5.0272,0.21685,278.52,3.5163
757,8,30,1.4444,1.2517,0.12366,5.1619,4.8163,0.25904,297.79,12.308
758,9,57,1.332,1.1761,0.1007,6.0443,5.4963,0.4385,27.111,7.8082
759,10,15,1.4054,1.2277,0.15133,5.0616,4.735,0.30995,270.19,7.4859
760,10,12,1.1584,1.1108,0.061828,4.1318,4.0863,0.054422,215.68,20.746
761,10,39,2.2428,1.5428,0.44018,6.2931,5.5679,0.58861,286.47,10.233
762,10,30,2.053,1.5529,0.33568,6.7313,5.8739,0.67925,288.57,13.181
763,10,15,1.4381,1.2151,0.17212,5.3535,4.9739,0.34455,296.37,11.109
764,10,105,2.4067,1.6271,0.34643,6.0823,5.249,0.49134,266.73,22.917
765,11,18,1.7055,1.4624,0.21986,5.4803,5.1192,0.3278,279.86,15.337
766,11,24,2.3482,1.6641,0.44339,6.1817,5.6342,0.38588,320.3,6.5057
767,12,12,1.2076,1.1236,0.0733,5.9428,5.6117,0.21964,343.77,14.757
768,12,39,1.5989,1.3261,0.15791,6.3988,5.8485,0.42125,299.31,124.85
769,12,27,1.6971,1.3956,0.23638,5.9695,5.5107,0.56155,329.3,4.7902
770,12,12,1.8249,1.5518,0.27859,5.6499,5.459,0.19315,328.72,3.8225
771,12,12,1.2031,1.1294,0.06631,5.0845,4.8062,0.36889,317.16,5.1492
772,12,39,2.3071,1.4602,0.39671,6.474,5.3131,0.80068,260.02,22.54
773,1,12,1.2404,1.1665,0.073827,5.7801,5.2916,0.48709,278.89,11.118
774,1,18,1.2938,1.1568,0.10387,5.6251,5.203,0.29927,280.05,5.692
775,1,24,1.9861,1.4489,0.35552,6.4522,5.5452,0.73633,282.85,27.273
776,1,63,2.0517,1.5085,0.25711,7.0936,6.255,0.55115,134.43,173.17
777,2,18,1.5491,1.3085,0.16605,5.9471,5.3885,0.51183,320.92,15.219
778,2,69,3.0337,2.1314,0.50689,7.0563,6.4259,0.54372,313.25,24.238
779,2,21,1.2466,1.1342,0.096121,5.7586,5.3847,0.25734,315.59,17.01
780,2,54,2.739,2.1511,0.55988,7.338,6.6191,0.60448,330.92,4.551
781,3,15,1.6015,1.4128,0.1783,5.4142,5.1664,0.31438,291.3,1.3187
782,3,21,1.2971,1.222,0.081649,5.2324,5.0158,0.26426,339.41,5.3478
783,4,15,1.6297,1.2857,0.23558,5.0906,4.6454,0.34509,223.66,9.1961
784,4,12,1.2049,1.1019,0.072954,5.1939,4.9163,0.25717,296.46,1.8337
785,6,36,2.302,1.5832,0.424,6.0349,5.4576,0.51483,337.11,3.0593
786,7,27,1.4213,1.2604,0.12297,5.5006,5.1672,0.2536,13.6,1.7007
787,8,27,1.6717,1.3909,0.22829,5.5857,4.9751,0.48953,266.76,18.539
788,10,21,1.4903,1.2304,0.17783,5.4736,4.7786,0.50437,247.18,18.108
789,10,12,1.2701,1.0984,0.10638,6.1937,5.7189,0.55852,341.48,2.4761
790,10,30,2.5605,1.9552,0.53544,6.7878,6.1599,0.61079,319.89,13.409
791,10,63,2.3901,1.6403,0.38316,6.5108,5.6601,0.48339,301.83,9.9301
792,10,57,1.9692,1.5872,0.26444,6.5884,6.1288,0.48151,302.08,129.55
793,10,24,1.6863,1.4279,0.20265,5.391,5.2172,0.18598,303.58,13.596
794,10,21,1.3046,1.142,0.1054,5.289,4.9924,0.20689,304.13,6.8612
795,11,30,1.2281,1.1337,0.056475,5.3137,5.0696,0.13232,298.88,5.2835
796,11,39,2.0271,1.6538,0.29827,6.903,6.2551,0.53033,305.11,128.19
797,11,15,1.4996,1.3121,0.17843,5.3748,5.025,0.44643,16.978,0.81389
798,11,105,4.146,2.004,0.78846,7.7757,5.9711,0.95394,277.58,30.783
799,12,57,1.831,1.3613,0.27156,5.7331,5.0065,0.43282,257.01,28.048
800,12,105,2.2916,1.6194,0.40064,6.4668,5.5527,0.5062,284.99,42.428
801,12,12,1.1875,1.1211,0.053959,5.302,5.1981,0.091972,348.32,1.5136
802,12,18,1.6078,1.3225,0.21893,4.5843,4.3559,0.17958,195.09,7.0461
803,12,30,1.685,1.3553,0.19588,4.6655,4.3137,0.23435,186.13,4.8023
804,1,138,3.2032,2.2062,0.59217,7.8763,6.7714,0.86716,339.54,19.575
805,1,48,1.4513,1.2565,0.13217,5.1895,4.9752,0.14698,306.22,4.4563
806,1,27,1.6763,1.3434,0.2438,5.7574,5.2253,0.3775,287.7,4.1644
807,1,57,2.6272,1.6142,0.51086,6.6003,5.5188,0.86314,277.12,44.764
808,2,60,2.215,1.5553,0.33215,6.2126,5.5739,0.44573,303.77,24.621
809,2,21,1.4527,1.2783,0.13005,4.5184,4.3082,0.19258,205.96,3.0037
810,3,12,1.3766,1.1924,0.15652,5.1914,4.9642,0.19969,283.87,9.3805
811,3,63,1.9103,1.455,0.28929,6.2245,5.2962,0.58319,277.59,44.814
812,3,30,2.1703,1.5542,0.3867,6.2801,5.506,0.6885,277.66,19.979
813,3,54,2.0415,1.6228,0.2401,7.0621,5.8382,0.69726,325.98,22.379
814,3,72,2.5244,1.6309,0.43696,7.1259,5.9879,0.64002,286.09,127.02
815,4,24,2.013,1.5967,0.30354,5.7367,5.3487,0.29183,350.94,5.7553
816,4,18,1.2066,1.1406,0.072396,5.152,4.9176,0.25151,255.31,173.98
817,5,30,1.5197,1.2575,0.17884,6.2959,5.4325,0.58453,7.4747,4.1315
818,6,24,1.698,1.463,0.21049,5.4859,5.2888,0.20305,295.55,5.37
819,6,18,1.1752,1.128,0.046415,4.8961,4.7703,0.092457,306.99,6.8258
820,6,39,1.3069,1.1475,0.097586,4.919,4.6815,0.26338,269.62,11.22
821,7,12,1.2839,1.1708,0.090314,4.5081,4.3874,0.091451,219.58,6.9503
822,7,12,1.2541,1.1682,0.074621,5.2626,4.9005,0.26804,284.65,1.9013
823,7,12,1.2313,1.149,0.074379,5.0105,4.793,0.20284,299.81,3.8516
824,8,24,1.2892,1.1588,0.087409,5.4448,5.1221,0.23214,298.5,3.7247
825,8,45,1.9764,1.4173,0.34555,5.9788,5.3774,0.4835,299.81,85.057
826,9,36,2.186,1.603,0.36447,7.3303,6.3894,0.49928,350.31,3.3056
827,10,12,1.1556,1.0908,0.06295,5.1309,4.9118,0.18758,265.18,3.9945
828,10,12,1.2595,1.1738,0.10667,5.7798,5.0985,0.71301,266.21,17.576
829,10,18,1.3651,1.1986,0.11382,4.9068,4.745,0.1216,276.52,4.3834
830,11,24,1.2599,1.1353,0.0791,4.2812,4.0348,0.15512,120.04,4.6258
831,12,33,2.3005,1.6965,0.44688,6.468,5.8279,0.73684,320.59,11.789
832,1,60,2.5729,1.6087,0.52606,7.4227,6.1709,0.82633,334.93,16.568
833,1,48,1.2681,1.1377,0.076686,4.0775,3.9398,0.10538,155.37,11.415
834,2,36,2.9624,1.9283,0.636,7.7913,6.5278,0.98764,336.12,23.81
835,2,93,2.3064,1.6684,0.42435,6.8518,6.1702,0.4888,249.4,145.9
836,3,39,1.7131,1.3862,0.23439,5.7595,5.2727,0.4622,150.68,159.61
837,4,45,2.3696,1.7168,0.4075,7.2014,6.1581,0.64171,261.63,154.83
838,4,21,1.5222,1.3063,0.18667,5.7238,5.3,0.46403,10.761,4.5231
839,5,18,1.5268,1.3018,0.18699,6.5049,5.8626,0.68146,352.8,1.2362
840,5,42,1.3437,1.151,0.10052,5.2225,4.8511,0.238,289.82,5.3311
841,6,12,1.213,1.1365,0.069323,5.2169,5.1226,0.1345,326.87,2.2105
842,6,42,1.9639,1.4966,0.33993,6.695,5.6901,0.70702,344.23,10.03
843,8,27,1.7668,1.4965,0.20395,5.8445,5.5526,0.36606,300.52,5.8936
844,9,30,2.1765,1.8381,0.3674,5.5141,5.061,0.52273,223.21,19.996
845,9,15,1.5453,1.2423,0.18627,6.0774,5.5461,0.3528,27.094,3.9777
846,10,30,2.3105,1.6802,0.47144,6.3779,5.833,0.56145,301.46,21.917
847,10,66,2.147,1.4235,0.33101,6.1922,5.3042,0.48136,287.3,13.159
848,10,81,2.9811,1.9781,0.7818,7.9278,6.3952,1.1712,313,29.798
849,11,78,2.3471,1.4279,0.36797,6.377,5.1469,0.66027,274.68,33.873
850,11,15,1.507,1.2261,0.17279,5.384,4.9204,0.34046,274.54,20.145
851,11,84,2.9272,1.7649,0.47152,7.9521,6.007,0.88988,301.88,34.53
852,11,21,1.24,1.1501,0.071205,5.5431,5.1673,0.30809,335.46,6.3052
853,11,81,3.209,1.8395,0.75346,7.9198,6.1931,1.0688,326.01,28.919
854,11,18,1.979,1.5744,0.32964,6.3158,5.8802,0.53512,352.74,8.6767
855,11,72,2.8121,1.7391,0.52359,7.3429,5.9821,0.90931,263.81,119.44
856,12,12,1.1699,1.1163,0.053776,5.0205,4.8711,0.14741,33.996,6.6541
857,12,45,1.344,1.2836,0.05849,5.748,5.4702,0.20279,131.06,161.48
858,12,15,1.3135,1.1794,0.10178,5.6407,5.2536,0.30369,351.52,7.8981
859,12,90,3.1366,2.0006,0.49341,8.2109,6.5219,0.9855,312.82,44.032
860,12,39,2.0228,1.4797,0.37693,5.994,5.0341,0.75344,248.82,33.225
861,12,93,3.8439,2.135,0.65842,7.972,6.6033,0.66077,211.07,159.95
862,1,15,1.362,1.2219,0.1064,5.6023,5.4518,0.14471,311.68,6.1878
863,1,12,1.3848,1.2515,0.089898,5.2112,5.0891,0.16124,307.9,1.4205
864,1,21,1.3437,1.2119,0.10771,5.8095,5.1803,0.46778,265.95,7.7198
865,1,54,2.7553,1.6621,0.53218,6.9651,5.7183,1.031,280.11,33.839
866,1,48,3.6693,2.1167,0.78596,7.5543,6.118,0.98808,289.7,21.431
867,1,12,1.7694,1.4613,0.27527,5.4325,5.0324,0.59303,291.98,14.194
868,2,93,2.0839,1.5472,0.29706,6.6771,5.7896,0.53733,319.55,27.994
869,2,30,1.8216,1.3979,0.25954,5.6898,5.0702,0.43419,273.94,32.283
870,2,30,2.1336,1.5553,0.47244,6.3082,5.833,0.40496,58.607,100.37
871,2,39,2.1415,1.4442,0.34212,5.6519,4.8422,0.45755,228.58,27.114
872,2,21,1.3392,1.1538,0.09546,5.4795,5.0562,0.29201,295.32,3.0158
873,2,30,2.0983,1.5754,0.26893,6.4538,5.5684,0.61235,264.25,19.858
874,3,33,1.6231,1.3015,0.18216,5.5693,5.0919,0.33699,301.2,10.281
875,3,54,1.805,1.4573,0.22586,5.8018,5.2701,0.35925,292.37,25.137
876,3,21,1.5135,1.3118,0.16679,5.8507,5.4974,0.40613,16.821,3.6741
877,3,21,1.4371,1.2308,0.12148,5.3497,5.178,0.15341,292.21,4.7369
878,3,60,1.8339,1.516,0.21375,6.264,5.821,0.322,85.865,144.99
879,4,12,1.3265,1.2253,0.08134,5.5988,5.2129,0.33394,16.822,3.644
880,6,30,1.969,1.617,0.26118,5.8257,5.5515,0.30143,295.3,9.8288
881,6,12,1.1359,1.0643,0.053032,5.2379,4.935,0.34461,293.16,1.85
882,6,15,1.2275,1.1538,0.064297,4.8564,4.6375,0.25304,281.49,6.0987
883,7,15,1.3577,1.2337,0.09949,5.3257,5.0095,0.28409,264.54,7.0508
884,9,24,1.2409,1.1425,0.071372,5.1575,5.0161,0.10276,19.163,3.2397
885,9,36,1.5472,1.3555,0.1366,6.2766,5.9871,0.29353,193.21,184.97
886,9,12,1.3254,1.1728,0.12817,5.5473,5.1748,0.39531,339,4.7
887,9,24,1.4112,1.2378,0.11788,5.1983,5.1161,0.059687,19.213,2.93
888,10,75,2.0466,1.5548,0.27763,6.9142,6.1825,0.43859,16.626,7.0232
889,10,15,1.1728,1.1027,0.064373,4.5356,4.3939,0.17998,83.261,3.9984
890,10,18,1.2485,1.1019,0.074896,6.4084,5.7355,0.63913,182.01,166.28
891,10,18,1.8447,1.3946,0.29576,5.3803,5.0901,0.29812,300.7,24.771
892,10,18,1.4936,1.3065,0.17163,5.679,5.256,0.4089,283.72,14.781
893,10,36,2.8815,1.7363,0.5267,6.5981,5.7164,0.51308,317.34,4.5393
894,11,18,1.4977,1.2786,0.17363,6.332,5.9619,0.47878,153.33,188.84
895,11,18,1.6754,1.4012,0.25726,5.3007,4.8293,0.53528,257.08,28.604
896,11,36,1.3066,1.1991,0.087349,5.351,5.065,0.25182,249.12,140.68
897,11,33,1.4309,1.1863,0.13926,4.7135,4.5071,0.14395,87.638,6.9471
898,12,15,1.1189,1.0752,0.047787,4.8901,4.7629,0.086604,64.408,3.2291
899,12,12,1.4049,1.2395,0.13529,5.8344,5.4165,0.40724,348.32,6.3126
900,12,27,1.2627,1.1928,0.059815,5.6983,5.3264,0.21322,284.48,8.0311
901,12,21,1.7022,1.4266,0.23838,6.8222,6.3863,0.47936,352.57,6.1897
902,12,57,1.9296,1.4007,0.25406,6.6187,5.9855,0.48435,195.45,163.43
903,1,18,1.2792,1.1991,0.082632,5.9563,5.7651,0.2284,16.752,3.5421
904,1,24,1.425,1.3017,0.14185,5.9998,5.6777,0.34381,80.929,155.14
905,1,18,1.7085,1.4693,0.2573,5.6656,5.3851,0.42411,279.16,8.318
906,1,15,1.3406,1.1816,0.10227,5.2146,4.846,0.25491,272.37,12.429
907,1,72,2.3583,1.5983,0.38593,6.2279,5.5372,0.49332,286.39,11.94
908,1,24,2.0348,1.5009,0.38688,5.9045,5.5158,0.3175,300.18,24.174
909,1,30,1.1816,1.0881,0.058807,6.0751,5.6502,0.21602,224.52,175.13
910,2,27,1.4141,1.247,0.13236,4.2744,4.1233,0.10539,174.91,10.05
911,2,39,1.9781,1.573,0.26051,5.9987,5.5026,0.38763,351.53,4.2189
912,2,24,1.6075,1.384,0.18806,5.9414,5.6126,0.31817,55.079,114.56
913,3,36,2.863,2.1874,0.59325,7.1743,6.5571,0.62947,139.71,177.97
914,3,24,2.4216,1.8533,0.47656,6.9095,6.3007,0.63049,7.0261,2.2898
915,3,30,1.4995,1.2529,0.17242,6.9937,5.7729,0.89379,268.32,134.17
916,4,108,3.7976,2.43,0.8028,8.4662,7.0135,0.96147,88.872,150.57
917,4,18,1.216,1.1045,0.07357,5.3487,5.1065,0.18988,7.1973,4.1158
918,5,12,1.405,1.2473,0.14565,5.2808,4.9552,0.33425,292.17,6.4573
919,6,12,1.2444,1.1696,0.074191,5.3967,5.1443,0.23124,292.35,3.1054
920,6,33,1.8017,1.6214,0.15901,5.5631,5.3736,0.25448,298.55,7.6719
921,6,21,1.6318,1.2541,0.2393,5.2834,4.8466,0.53997,284.65,12.191
922,8,18,1.3349,1.2188,0.095372,5.5042,5.1922,0.34792,56.121,132.38
923,8,48,1.9096,1.3774,0.24999,5.52,5.202,0.21295,287.71,16.032
924,8,69,1.6128,1.3327,0.18824,5.7447,5.3302,0.33079,321.14,24.816
925,8,33,2.5223,1.795,0.42516,6.7842,6.0549,0.65818,310.59,22.184
926,9,21,1.5315,1.3409,0.14848,5.6046,5.3919,0.14007,5.8777,1.6186
927,10,132,2.2291,1.5923,0.26273,6.943,5.9638,0.53346,288.15,116.65
928,10,27,1.4718,1.3059,0.11775,5.7395,5.4805,0.2585,35.399,7.5801
929,10,57,2.0461,1.401,0.31323,6.5355,5.7716,0.50045,322.06,32.717
930,10,21,1.4704,1.2709,0.16054,5.52,5.3323,0.21041,275.22,7.4042
931,11,30,1.6739,1.4132,0.17496,5.5473,5.18,0.30266,302.18,9.4651
932,12,66,3.3095,2.1815,0.60729,7.8067,6.5351,0.94451,330.71,21.118
933,12,66,2.8713,1.9963,0.57413,7.3053,6.456,0.87752,327.89,25.717
934,12,12,1.1437,1.0762,0.048346,4.9844,4.8692,0.085417,299.28,2.9505
935,12,42,2.6677,1.6676,0.58093,7.9321,6.1745,1.4405,312.58,52.284
936,12,24,1.6028,1.3574,0.20172,4.8067,4.5213,0.22784,215.78,2.8213
937,1,48,2.1562,1.6251,0.35346,6.83,6.1061,0.60048,21.597,1.7005
938,1,21,1.1877,1.1113,0.052995,5.5672,5.221,0.30441,337.32,11.562
939,1,60,1.889,1.5112,0.27577,6.7724,6.3132,0.58045,186.73,177.49
940,1,12,1.355,1.2088,0.16683,4.4109,4.2176,0.25375,206.82,7.6434
941,2,48,1.9563,1.4006,0.34112,5.7064,5.271,0.26682,292.3,1.5684
942,2,42,2.2601,1.5961,0.40321,6.6528,6.0254,0.4957,315.7,86.303
943,2,18,1.5891,1.3378,0.20386,6.4427,5.9455,0.54614,4.9419,3.4621
944,2,21,1.3539,1.2047,0.10753,5.6367,5.1907,0.34681,338.41,17.789
945,2,45,2.1289,1.626,0.39349,6.9633,5.9963,0.79805,189.23,163.45
946,3,48,3.0402,1.8587,0.62881,7.5285,6.4705,0.79834,127.12,165.98
947,3,12,1.2542,1.1604,0.094907,5.376,5.1475,0.2183,292.04,7.4144
948,3,30,2.6814,1.7643,0.61319,6.5318,5.5034,0.82692,273.66,15.814
949,3,63,2.0407,1.6476,0.33373,6.3927,5.883,0.53228,258.68,157.25
950,5,27,1.9885,1.4696,0.31766,6.0368,5.2486,0.55247,298.95,6.8508
951,6,18,1.4334,1.1849,0.14087,5.7541,5.2441,0.42958,330.68,21.092
952,6,69,2.055,1.4493,0.24052,5.7871,5.2283,0.29458,298.1,9.8718
953,8,12,1.3525,1.2557,0.089915,5.7213,5.4355,0.23948,6.8429,4.8729
954,9,27,2.4395,1.8344,0.45649,7.0761,6.3805,0.63065,141.06,180.98
955,9,12,1.2976,1.1849,0.10647,5.727,5.456,0.26117,279.08,4.015
956,9,24,2.1417,1.5596,0.4121,6.2691,5.8293,0.44245,302.06,20.29
957,9,51,2.0497,1.6061,0.30736,5.7886,5.296,0.45416,272.03,11.999
958,9,15,1.2804,1.1643,0.09944,5.3843,5.1784,0.1881,287.75,9.2465
959,10,18,1.7848,1.4986,0.23002,6.3688,5.8883,0.4281,13.219,6.1399
960,10,30,1.4881,1.1646,0.16322,4.7158,4.3063,0.1952,217.05,8.3055
961,10,18,1.5127,1.2634,0.16152,4.9868,4.7826,0.27977,286.04,26.772
962,11,18,1.5842,1.3256,0.20263,5.3489,4.9749,0.35559,278.09,7.7872
963,11,54,1.88,1.3786,0.22617,5.9538,5.4495,0.33129,299.34,26.715
964,11,60,3.7015,1.8786,0.91066,7.5382,6.0374,0.92494,310.33,25.671
965,11,39,2.2796,1.584,0.43377,6.8398,5.8062,0.89321,305.59,60.948
966,11,45,4.4457,2.7181,1.1511,8.6436,7.1387,1.2892,182.26,165.55
967,12,99,2.057,1.4104,0.31862,6.7452,5.5013,0.55068,299.5,22.172
968,12,12,1.1199,1.0693,0.043064,4.0868,4.0298,0.053439,203.23,4.6645
969,12,12,1.3668,1.2019,0.12668,5.129,4.7725,0.37576,270.97,11.994
970,12,21,1.2836,1.1712,0.083908,5.8713,5.4257,0.28836,331.43,7.9735
971,12,27,1.842,1.362,0.29978,4.9139,4.6418,0.26122,228.54,21.979
972,12,21,1.5181,1.2391,0.15609,5.8498,5.0275,0.52664,280.93,10.425
973,12,12,1.1189,1.0581,0.048622,4.8692,4.6682,0.24337,38.528,5.5581
974,12,15,1.1109,1.062,0.028176,5.0221,4.4216,0.38995,239.11,19.572
975,1,42,1.9157,1.6154,0.30612,5.9067,5.4812,0.63721,282.17,24.601
976,1,30,2.0776,1.6601,0.34779,6.0199,5.6001,0.38022,295.78,4.3896
977,1,114,3.1243,1.6393,0.59297,7.2555,5.6687,0.73336,278.08,14.334
978,1,24,1.1041,1.0647,0.025611,5.2128,5.0456,0.099966,274.78,10.084
979,1,63,2.1425,1.6299,0.40102,6.7558,5.9469,0.70923,316.58,30.461
980,1,18,1.3074,1.1934,0.077544,5.3454,5.2309,0.10054,342.09,11.725
981,2,15,1.1698,1.0975,0.052324,4.4279,4.092,0.23722,201.76,5.9401
982,2,24,1.5885,1.3156,0.18982,5.5181,5.2447,0.28343,25.271,3.6997
983,2,30,1.3773,1.2137,0.10855,5.1717,4.8734,0.25391,56.553,2.2497
984,2,12,1.3541,1.238,0.11712,5.8816,5.4052,0.47706,18.216,3.0999
985,3,96,2.164,1.6789,0.31927,6.6995,6.0365,0.51858,238.75,166.64
986,3,12,1.0855,1.0636,0.035047,5.4481,5.2684,0.19098,2.5294,1.5935
987,3,18,1.4479,1.2777,0.13132,5.2153,4.981,0.23603,291.91,7.1585
988,3,54,2.1869,1.6942,0.34606,6.6503,6.129,0.43146,317.59,111.49
989,4,21,1.6314,1.3684,0.19457,5.7371,5.3869,0.29331,10.958,3.4704
990,6,21,1.4393,1.2987,0.13002,5.2605,5.0898,0.086207,312.21,125.71
991,6,12,1.5095,1.2713,0.17948,5.1086,4.7747,0.38503,315.77,11.445
992,6,24,1.2363,1.1272,0.067812,5.4042,5.0738,0.36709,348.02,4.5982
993,8,48,2.5257,1.9041,0.45489,6.2741,5.5473,0.54862,281.94,32.163
994,9,27,1.6476,1.3516,0.21465,5.782,5.4473,0.33087,291.63,9.126
995,10,54,2.3349,1.6456,0.43424,7.0526,6.0867,0.76866,98.405,154.17
996,10,12,1.5905,1.4108,0.1665,5.4759,5.3175,0.24156,305.85,5.6011
997,10,39,1.9121,1.5149,0.24086,5.9055,5.5317,0.4445,299.98,31.412
998,11,48,1.8578,1.4308,0.25795,5.6201,5.2114,0.28802,263.42,13.966
999,11,21,1.788,1.4346,0.28756,5.7482,5.4533,0.34518,18.408,1.7809
1000,12,24,1.4939,1.3287,0.15715,5.9562,5.8172,0.16545,16.864,3.6156
1001,12,15,1.2097,1.136,0.063774,5.1876,5.0343,0.19757,326.49,2.6783
1002,12,18,1.4494,1.2673,0.14164,5.5312,5.15,0.35232,281.89,11.247
1003,12,12,1.1641,1.0981,0.059888,5.2719,5.1114,0.16271,317.25,0.8437
1004,12,27,1.6472,1.3126,0.19578,5.9526,5.3057,0.54568,300.04,32.96
1005,12,33,1.7955,1.3771,0.23376,5.988,5.5225,0.32578,345.96,12.545
1006,12,27,1.3557,1.182,0.11588,5.785,5.408,0.39699,337.63,6.6255
1007,12,24,1.403,1.2297,0.12912,5.456,4.9748,0.28527,59.28,1.6496
1008,12,12,1.266,1.1613,0.086346,5.0033,4.5785,0.29,162.13,40.516
1009,1,24,1.4172,1.2503,0.15031,4.6158,4.2848,0.31299,105.31,21.004
1010,1,42,1.3443,1.192,0.095094,5.2699,4.9908,0.22807,308.05,2.4541
1011,2,45,1.5185,1.2637,0.16648,5.8247,5.4193,0.31393,178.95,175.89
1012,2,21,1.6114,1.4236,0.1534,5.8615,5.5169,0.33689,17.805,2.4289
1013,3,33,1.774,1.4185,0.25915,6.0854,5.7442,0.21244,11.5,7.2896
1014,3,18,1.2907,1.1266,0.088645,5.1401,4.9013,0.16669,299.69,1.8963
1015,6,15,1.1513,1.08,0.049321,5.13,4.8818,0.14506,352.25,4.2459
1016,7,57,2.2059,1.623,0.37124,6.4817,5.6677,0.61335,72.52,138.35
1017,8,12,1.2729,1.1517,0.096477,5.3841,5.0961,0.32627,29.323,1.5818
1018,8,21,1.4099,1.1826,0.1515,5.292,5.077,0.17382,27.25,4.0022
1019,8,30,1.948,1.5944,0.30489,5.7145,5.5487,0.20523,333.3,14.549
1020,9,57,2.5645,1.8823,0.45348,6.3202,5.7933,0.54107,304.74,7.8142
1021,9,39,1.547,1.3654,0.20326,6.1879,5.5661,0.55895,326.14,7.8808
1022,10,27,1.5945,1.3223,0.17791,5.6001,5.2154,0.34669,288.39,16.132
1023,10,18,1.5425,1.2882,0.21636,5.6633,5.2539,0.3753,204.08,184.78
1024,10,39,2.1105,1.4995,0.3892,6.8384,5.5723,0.90452,287.8,38.204
1025,10,15,2.1016,1.7399,0.35194,6.3315,6.1081,0.26756,17.212,6.7403
1026,10,114,3.4392,1.8778,0.76953,8.3786,6.1803,1.4662,307.96,58.202
1027,11,42,1.9745,1.4858,0.26911,5.831,5.3726,0.36158,300.7,6.8799
1028,11,81,2.3694,1.4377,0.41368,6.686,5.3745,0.87031,300.23,47.802
1029,12,12,1.2252,1.1532,0.058581,4.3617,4.3354,0.038332,215.88,8.1574
1030,12,60,1.5087,1.2354,0.13822,5.6266,5.146,0.46492,268.94,14.696
1031,12,12,1.1174,1.0595,0.041943,5.0041,4.8332,0.14104,295.56,2.5298
1032,12,15,1.3966,1.1926,0.14976,5.3441,5.1411,0.17044,306.46,2.2309
1033,12,12,1.3477,1.2012,0.11318,5.1166,4.9289,0.16411,307.41,3.7242
1034,12,15,1.3469,1.2125,0.12471,5.613,5.4153,0.22923,177.51,190.59
1035,12,54,1.476,1.2823,0.10407,5.4938,5.2591,0.22701,304.2,3.5639
1036,12,72,2.9999,1.6564,0.6004,6.6927,5.4945,0.83803,275.27,24.737
1037,1,12,1.196,1.1201,0.079308,5.3383,5.099,0.23068,261.19,5.5821
1038,1,135,3.7063,1.856,0.74243,7.7674,5.8759,0.89248,286.33,23.225
1039,1,81,2.4878,1.7056,0.39825,7.2137,5.7376,0.78131,298.88,27.559
1040,1,15,2.1146,1.5834,0.47017,6.362,5.928,0.57184,335.54,12.077
1041,1,21,1.3372,1.1687,0.090306,6.1768,5.303,0.7203,109.99,153.39
1042,1,57,3.0629,1.9214,0.61125,7.6685,6.2639,1.1027,310.29,43.439
1043,1,18,1.5006,1.3331,0.1527,6.0027,5.6807,0.40763,331.68,12.164
1044,1,39,2.1497,1.5042,0.39082,6.1564,5.4576,0.56259,316.99,31.819
1045,2,30,2.2209,1.5641,0.41128,6.2916,5.7105,0.53627,325.7,21.959
1046,2,12,1.1677,1.093,0.045459,4.8607,4.7885,0.092394,302.08,6.1581
1047,2,18,1.6801,1.3238,0.24515,5.7677,5.2589,0.37558,303.6,11.216
1048,2,18,1.2414,1.1573,0.05495,4.4507,4.3288,0.12006,87.95,4.5257
1049,2,27,1.262,1.1432,0.098842,4.1142,3.9583,0.11012,133.3,9.9492
1050,3,12,1.2942,1.1497,0.098282,5.3512,5.0677,0.23851,290.06,8.2136
1051,3,36,2.2118,1.532,0.40125,6.1497,5.3191,0.64987,277.41,22.023
1052,3,12,1.3442,1.2322,0.1501,5.3143,4.9318,0.36627,248.47,6.0908
1053,4,18,1.9631,1.5805,0.27918,6.2379,5.8516,0.43826,54.307,134.16
1054,4,18,1.4092,1.2008,0.16802,5.197,4.9464,0.21459,290.45,12.118
1055,4,60,2.5709,1.6847,0.44393,6.8125,5.9772,0.65393,316.93,27.741
1056,4,15,1.6184,1.3676,0.2076,5.7384,5.3951,0.3628,10.936,1.7018
1057,4,24,1.908,1.4706,0.32306,6.1867,5.6124,0.56096,41.762,119.27
1058,6,51,2.0334,1.5253,0.32564,5.6453,5.0921,0.34743,262.09,28.671
1059,7,63,2.1516,1.5845,0.29851,5.8837,5.3557,0.39004,294.78,4.8998
1060,7,12,1.3221,1.2406,0.071415,4.9975,4.8121,0.22086,300.22,0.95811
1061,8,66,1.6433,1.3107,0.18214,5.6723,5.2872,0.36364,301.23,10.765
1062,9,36,2.5195,1.8561,0.50061,6.5715,5.9095,0.60499,302.42,9.6871
1063,9,24,1.7538,1.3512,0.29388,5.5748,5.1315,0.46815,307.81,4.8767
1064,10,36,1.262,1.1673,0.065397,5.5459,5.1836,0.32972,319.08,18.841
1065,10,51,3.1122,1.8992,0.73761,7.7942,6.2284,1.0836,272.5,130.66
1066,10,39,1.304,1.0993,0.08719,5.7244,5.2994,0.241,275.51,148.33
1067,11,12,1.245,1.1507,0.092483,5.2735,5.1097,0.15923,298.36,13.926
1068,11,57,2.0227,1.401,0.23554,6.9269,5.7476,0.56445,314.53,77.5
1069,11,15,1.3624,1.1961,0.14488,4.3216,4.1554,0.17181,194.85,6.7791
1070,11,15,1.302,1.2362,0.090274,5.4881,5.0642,0.28834,286.01,33.865
1071,11,15,1.8882,1.4724,0.31381,5.9826,5.5567,0.4374,319.57,9.5522
1072,11,42,2.348,1.7765,0.4942,7.0692,6.1677,0.93718,305.52,32.339
1073,11,27,1.2596,1.1399,0.10084,5.5946,5.3842,0.14983,244.55,161.85
1074,11,24,1.4197,1.1988,0.13608,4.8441,4.4681,0.25052,236.63,13.966
1075,11,72,2.6637,1.688,0.56129,7.3907,6.0991,0.92218,326.19,28.85
1076,12,33,1.7042,1.3934,0.17646,6.1689,5.3644,0.65114,290.83,34.681
1077,12,33,1.2686,1.1665,0.085254,5.2516,4.4161,0.36881,222.69,27.328
1078,12,36,1.5901,1.3959,0.14945,5.6827,5.5003,0.16224,8.6102,2.5791
1079,12,12,1.2346,1.1611,0.066279,5.049,4.9381,0.12674,312.25,1.7738
1080,1,66,1.4478,1.2889,0.11571,4.4233,4.1754,0.13167,125.28,15.473
1081,1,21,1.7921,1.4858,0.24755,6.1691,5.7687,0.39176,294.81,7.8138
1082,1,27,1.8525,1.5367,0.26523,6.3008,5.8621,0.52947,341.74,2.8714
1083,1,81,3.3607,2.1319,0.49839,7.21,6.2362,0.45911,308.73,24.712
1084,2,18,1.2652,1.1981,0.051532,4.3001,4.1823,0.071628,199.21,5.6948
1085,2,27,1.4011,1.2381,0.088955,5.8035,5.257,0.49388,273.34,21.826
1086,2,51,2.7779,1.9669,0.49209,7.1895,6.544,0.72034,238.22,169.34
1087,2,24,2.0309,1.6063,0.32951,6.2509,5.6986,0.46671,295.18,3.5816
1088,2,63,3.0203,1.746,0.65629,6.9307,5.7549,0.68815,288.92,13.023
1089,2,12,1.5915,1.3467,0.20713,5.5249,5.2121,0.28169,297.5,0.81433
1090,2,36,2.6035,1.7559,0.48649,6.5768,5.7012,0.57469,287.19,15.078
1091,3,45,2.7449,1.7389,0.4998,6.5887,5.5595,0.56209,299.5,4.5764
1092,3,36,1.774,1.3467,0.27529,5.5637,5.1275,0.33437,279.09,24.141
1093,3,24,1.5908,1.2893,0.17902,5.2729,4.9058,0.34131,288.33,18.209
1094,3,18,1.4503,1.3205,0.12191,6.2496,5.9681,0.28942,347.12,6.3553
1095,4,12,1.3837,1.2837,0.08862,5.1366,4.9774,0.21509,310.99,4.0693
1096,5,24,1.7531,1.3513,0.28818,6.3655,5.7235,0.62855,6.1642,1.8151
1097,6,15,1.3216,1.2139,0.10203,5.6017,5.3553,0.28428,293.62,2.2005
1098,6,27,1.8291,1.4957,0.26847,6.0161,5.6932,0.26481,296.7,5.7915
1099,8,36,2.638,1.7764,0.57455,6.4538,5.7019,0.52009,295.93,40.305
1100,8,39,1.5176,1.2674,0.17145,6.0915,5.451,0.5708,106.43,164.5
1101,8,12,1.1738,1.0907,0.06326,5.3157,5.1909,0.091649,300.16,13.142
1102,8,18,1.2147,1.1253,0.09148,5.5771,5.2553,0.32163,296.43,7.3584
1103,8,27,1.6765,1.3903,0.22794,5.9974,5.4991,0.46975,348.81,7.7893
1104,9,42,1.2921,1.1668,0.078807,5.6005,5.2683,0.22279,28.528,7.6658
1105,9,12,1.1777,1.1314,0.069824,5.2716,5.104,0.15499,296.63,6.9261
1106,10,30,1.6243,1.3935,0.2116,5.3567,4.9245,0.36417,243.71,12.343
1107,10,66,1.633,1.2114,0.17077,5.8915,5.0625,0.40507,293.6,23.936
1108,10,33,1.3763,1.1948,0.11312,5.5559,4.6199,0.42325,195.91,75.196
1109,11,18,1.1798,1.1111,0.05909,4.1526,4.0957,0.053022,201.1,4.0838
1110,11,84,2.4223,1.5724,0.36938,6.9094,5.7834,0.79559,298.9,37.858
1111,11,54,2.2622,1.5346,0.36662,6.2819,5.2333,0.6045,277.85,38.568
1112,11,18,1.414,1.2334,0.14321,5.4369,5.1045,0.36282,313.05,14.724
1113,11,54,2.2176,1.7169,0.38063,6.93,6.0727,0.62756,314.53,26.758
1114,11,48,1.5758,1.2418,0.14629,5.8098,5.3163,0.32568,299.29,24.852
1115,12,15,1.4868,1.3122,0.17216,4.5267,4.3974,0.18054,213.02,9.0751
1116,12,81,3.2654,1.8608,0.69224,7.8116,6.1888,1.0343,323.7,25.775
1117,1,45,1.9339,1.4244,0.26781,6.0699,5.5246,0.35604,284.62,109.52
1118,1,81,2.2614,1.7587,0.35577,6.7892,5.7519,0.60928,295.45,34.252
1119,1,30,1.1884,1.0906,0.063752,4.4935,4.3562,0.095393,224.87,8.1436
1120,1,15,1.2967,1.2157,0.090209,5.5907,5.473,0.16048,239.46,184.36
1121,1,12,1.1896,1.1173,0.064417,5.0759,5.0063,0.072455,36.419,10.848
1122,2,24,1.513,1.328,0.16931,5.6335,5.3768,0.23069,237.95,176.51
1123,2,33,1.886,1.5041,0.30265,6.1934,5.7259,0.3934,8.1446,5.2128
1124,3,69,2.7375,1.7603,0.4873,6.7921,5.9158,0.60877,185.41,169.55
1125,3,27,1.8113,1.5236,0.24587,7.2485,6.4177,0.8093,348.67,6.8356
1126,4,15,1.6179,1.3468,0.21091,5.9469,5.528,0.54004,10.703,1.8296
1127,5,15,2.1987,1.6818,0.39005,5.8047,5.4021,0.51349,306.74,17.629
1128,5,21,1.4013,1.2054,0.13801,5.4607,5.0174,0.42037,9.7016,5.7933
1129,6,30,1.7309,1.3551,0.21533,5.7526,5.3804,0.2452,337.45,11.557
1130,6,12,1.3372,1.2499,0.08831,5.2292,4.8964,0.29922,293.18,1.1917
1131,6,45,1.3984,1.1926,0.11755,5.3795,5.1468,0.30239,11.718,3.2262
1132,7,15,1.201,1.1219,0.07655,5.3354,4.7446,0.30427,282.76,9.4602
1133,8,18,1.1649,1.0977,0.056317,4.9501,4.7826,0.19304,301.91,10.306
1134,8,27,1.6959,1.3594,0.228,5.7419,5.3581,0.44885,310.18,15.358
1135,9,24,1.6227,1.3566,0.2204,5.517,5.1316,0.4092,283.7,15.849
1136,9,63,1.4158,1.2258,0.11312,5.6408,5.2525,0.23897,301.57,8.2587
1137,9,42,1.8557,1.3787,0.2814,6.0599,5.5638,0.38209,313.94,22.124
1138,9,39,2.239,1.4777,0.42399,6.3231,5.5106,0.67469,300.09,28.988
1139,10,60,2.7692,1.8642,0.54414,6.8831,5.6005,0.8923,263.81,35.958
1140,10,24,2.1183,1.5482,0.37968,6.4351,5.989,0.61212,317.49,23.818
1141,10,78,4.3596,2.3962,1.0192,8.6627,7.1755,1.0484,85.623,148.4
1142,10,39,1.2973,1.1526,0.084923,5.7073,5.3585,0.19941,246.85,160.77
1143,11,12,1.1604,1.1048,0.046686,3.9349,3.8611,0.078681,149.89,4.6434
1144,11,24,1.5264,1.2871,0.18262,4.4711,4.1135,0.29783,122.4,6.5617
1145,11,12,1.2115,1.1373,0.059432,5.5118,5.3329,0.24617,19.706,2.2139
1146,11,24,3.0256,1.8075,0.69877,6.9589,5.694,1.0069,277.27,37.422
1147,11,15,1.4561,1.2922,0.10691,5.1583,4.8884,0.36354,283.11,8.9663
1148,12,18,1.173,1.1336,0.045321,4.7146,4.5478,0.12227,76.034,4.2374
1149,12,21,2.0254,1.5537,0.33908,6.1573,5.4297,0.66753,281.53,23.865
1150,12,12,1.2993,1.2098,0.097243,5.0666,4.8856,0.2926,315.67,5.3111
1151,1,12,1.2301,1.1355,0.062123,5.5937,5.3545,0.21961,18.375,4.9085
1152,1,15,1.2267,1.1074,0.064551,5.2348,4.883,0.25168,270.35,19.513
1153,1,60,1.8248,1.5618,0.25349,5.7267,5.4234,0.24996,46.734,7.404
1154,1,27,1.1511,1.0794,0.051621,3.9078,3.8319,0.076156,132.67,2.8372
1155,1,39,1.8405,1.3972,0.30321,5.8084,5.0123,0.6067,271.81,55.087
1156,3,51,1.9233,1.4346,0.25647,5.6811,5.1917,0.55432,284.29,32.097
1157,3,12,1.2079,1.1337,0.063064,5.4979,5.2764,0.18098,327.4,5.0843
1158,3,15,1.2146,1.1002,0.078837,6.0132,5.2415,0.54845,320.65,18.007
1159,3,15,1.6763,1.3604,0.26523,5.7389,4.9697,0.82071,253.77,24.429
1160,5,12,1.3808,1.1877,0.14682,5.5158,5.3555,0.13191,213.22,188.59
1161,5,24,1.6126,1.2381,0.19459,5.494,4.9661,0.37521,294.06,3.8
1162,7,27,1.3833,1.2409,0.11277,5.0724,4.8548,0.18986,317.82,2.2408
1163,7,12,1.432,1.2687,0.14039,5.0554,4.8644,0.25161,331.73,2.8374
1164,8,27,1.6213,1.3232,0.21682,5.4369,5.0692,0.29896,307.11,12.576
1165,8,33,2.0244,1.742,0.32734,6.6535,5.9005,0.59197,284.86,14.629
1166,9,57,1.8847,1.4662,0.30762,6.4744,5.708,0.74212,227.87,170.09
1167,9,45,1.5058,1.3627,0.14294,5.8585,5.3079,0.28461,275.16,9.9463
1168,9,12,1.336,1.1749,0.1053,5.1582,4.9971,0.23393,303.39,16.198
1169,9,66,2.287,1.614,0.42946,7.6319,6.5349,0.79918,15.689,5.9328
1170,10,24,1.2299,1.1714,0.077719,6.4184,5.565,0.62702,264.59,149.51
1171,10,33,1.5683,1.259,0.17748,6.9933,5.8855,1.0818,331.26,30.683
1172,10,51,2.259,1.5899,0.40666,6.5893,5.5501,0.69666,285.04,31.15
1173,10,12,1.2024,1.0965,0.085491,4.5953,4.2593,0.22821,252.54,18.196
1174,11,12,1.1289,1.0917,0.049133,5.2273,5.0755,0.21753,276.47,7.5432
1175,11,12,1.4864,1.3207,0.14642,5.0824,4.9096,0.19422,294.57,3.0912
1176,11,27,1.7569,1.3356,0.27575,5.7185,5.187,0.4716,263.53,15.895
1177,11,18,1.5428,1.2681,0.2033,5.5288,5.0264,0.46474,46.693,2.4791
1178,11,27,1.7164,1.3591,0.25825,5.8385,5.5843,0.14647,314.82,15.826
1179,11,39,2.6287,1.7546,0.46955,6.7656,5.9604,0.70394,37.984,10.861
1180,12,18,1.8432,1.4014,0.2907,5.1402,4.7176,0.36625,74.56,3.6257
1181,12,12,1.2526,1.1828,0.061604,4.8494,4.612,0.20414,260.14,3.3556
1182,12,18,1.2091,1.14,0.074958,4.165,4.1148,0.047421,195.15,10.106
1183,12,54,2.6364,1.7195,0.52074,7.0986,5.8187,1.0143,314.17,50.311
1184,12,72,2.1587,1.5232,0.36087,7.4955,6.5551,0.75476,23.812,70.218
1185,12,15,1.3448,1.2142,0.12889,4.4226,4.2968,0.12307,205.73,14.549
1186,12,12,1.155,1.0763,0.063093,4.8626,4.6223,0.21078,64.854,3.9045
1187,12,72,1.894,1.4463,0.29275,6.4293,5.9041,0.37392,177.98,156.53
1188,12,57,1.9699,1.3999,0.32837,5.9015,5.2965,0.40768,330.57,17.907
1189,12,45,2.4103,1.7782,0.49169,6.5266,5.7879,0.63965,309.7,28.599
1190,1,12,1.4006,1.2362,0.14906,4.3175,4.097,0.26332,183.26,5.6941
1191,1,18,1.2378,1.1362,0.087476,5.3232,4.9932,0.34967,295.31,130.96
1192,1,30,1.4544,1.1871,0.15668,5.8022,5.3975,0.27911,304.41,19.5
1193,2,12,1.2031,1.1447,0.064255,5.1385,5.037,0.095924,293.34,0.49211
1194,2,30,1.4075,1.2175,0.12479,5.3751,4.9466,0.25923,272.73,19.163
1195,2,33,2.2344,1.8039,0.39876,6.2357,5.7443,0.43089,293.92,9.7762
1196,2,51,3.4857,1.8158,0.7821,7.537,6.0714,0.84931,291.88,78.505
1197,2,33,3.4833,2.133,0.76954,7.8382,6.7204,0.63266,268.47,157.63
1198,3,27,1.8101,1.4589,0.28664,6.2657,5.7007,0.54675,350.16,8.4038
1199,3,18,1.7841,1.3689,0.30344,5.8987,5.2998,0.51018,282.73,16.462
1200,3,15,1.1755,1.1035,0.063594,5.3518,5.2316,0.11004,14.721,1.9343
1201,3,27,1.9435,1.4683,0.29473,6.1073,5.3449,0.51279,303.34,2.6539
1202,4,87,2.2912,1.5954,0.32796,6.0791,5.5776,0.31499,325.22,22.586
1203,8,51,1.6017,1.1914,0.162,5.54,4.7743,0.40829,267.81,14.371
1204,8,30,2.7425,1.8357,0.59418,6.8156,5.7887,0.73913,298.48,10.738
1205,9,57,1.7569,1.4012,0.18726,5.7295,5.3409,0.2841,282.6,11.831
1206,9,33,1.2093,1.1344,0.052551,5.2904,5.0203,0.15907,294.97,7.238
1207,10,18,1.4068,1.2274,0.11938,5.3401,5.1657,0.1681,294.97,1.3314
1208,10,108,2.2391,1.5274,0.30042,6.9386,5.6543,0.67185,305,81.361
1209,10,45,1.5193,1.1319,0.15791,5.5965,4.9263,0.34943,272.18,18.153
1210,11,15,1.2615,1.1617,0.094871,5.4914,5.2336,0.25409,295.26,4.9403
1211,11,72,4.3476,1.9562,0.77678,7.8431,6.0168,0.81023,288.3,21.672
1212,12,39,1.4123,1.2742,0.09206,5.3371,4.7314,0.46638,242.18,23.526
1213,12,36,1.6392,1.3657,0.20648,5.8019,5.2423,0.38668,272.42,8.6906
1214,12,48,1.8089,1.5596,0.23523,6.3236,5.7264,0.43977,272.71,13.249
1215,12,51,1.7444,1.5703,0.20667,5.8602,5.3012,0.26253,270.14,21.349
1216,12,51,1.8849,1.4479,0.24523,6.0318,5.4729,0.45593,288.65,15.536
1217,12,15,1.3845,1.2758,0.094196,5.4699,5.1568,0.40877,255.41,6.2799
1218,1,42,1.9062,1.526,0.27244,6.2237,5.0871,0.74385,237.28,26.341
1219,1,24,1.8112,1.4161,0.2845,6.1542,5.5815,0.44845,322.65,26.651
1220,1,18,1.5358,1.2716,0.20928,5.668,5.3921,0.36213,338.43,4.2711
1221,1,12,1.6412,1.326,0.24589,5.4751,5.2242,0.25674,300.57,7.8926
1222,1,84,3.5883,2.2453,0.74527,8.1369,6.8072,1.0145,314.41,69.73
1223,2,15,1.3863,1.2614,0.11397,5.3113,4.8128,0.49177,254.46,24.354
1224,2,111,2.3534,1.7698,0.41233,6.7772,5.8608,0.55635,313.07,31.268
1225,3,39,1.7326,1.3977,0.21077,6.2043,5.5362,0.58787,294.71,125
1226,3,21,2.1207,1.72,0.31143,6.5071,5.9858,0.52486,327,18.95
1227,3,54,2.2179,1.4706,0.32514,6.2945,5.325,0.54975,297.26,6.7388
1228,3,18,1.7764,1.4246,0.28918,6.6176,5.9237,0.80134,249,170.11
1229,3,21,1.9628,1.4087,0.32972,5.6951,5.1174,0.43523,309.93,11.908
1230,3,21,1.9645,1.515,0.3052,6.2694,5.6586,0.55964,346.59,6.3005
1231,4,27,1.9031,1.4375,0.33855,6.058,5.4592,0.5235,308.11,20.395
1232,4,21,2.4919,1.9301,0.49488,6.7338,6.4389,0.22363,351,2.5422
1233,4,21,1.232,1.1205,0.078903,4.8174,4.6825,0.1129,297.8,119.78
1234,5,15,1.4337,1.2593,0.16669,5.3732,5.0891,0.24445,294.46,0.86156
1235,5,12,1.2097,1.1102,0.081406,5.4373,5.1164,0.29808,352.37,3.4778
1236,6,30,1.8347,1.3466,0.2699,5.7918,5.2152,0.42687,297.85,12.727
1237,6,51,1.923,1.3328,0.30372,5.8054,4.9416,0.51323,278.22,24.041
1238,8,21,1.1738,1.1177,0.040555,5.1922,5.0967,0.073131,287.42,6.6973
1239,8,27,1.4725,1.238,0.15785,5.2805,5.1742,0.12149,239.99,159.93
1240,8,15,1.3562,1.2139,0.12697,5.5445,5.0476,0.40233,6.2287,3.8976
1241,8,21,1.177,1.0892,0.044427,5.1419,4.9026,0.21073,290.62,2.6105
1242,9,21,1.1624,1.0828,0.045384,5.4781,5.0703,0.26512,308.8,5.2086
1243,9,54,1.6723,1.3727,0.17802,5.7693,5.3123,0.31727,301.29,14.739
1244,9,12,1.1879,1.1312,0.066954,5.1953,4.9455,0.31934,299.48,8.0786
1245,9,33,1.6366,1.2257,0.23296,6.4651,5.3339,0.59019,313.91,28.551
1246,9,15,1.615,1.3669,0.20566,5.8474,5.2576,0.551,285.48,9.5227
1247,10,36,2.2705,1.5452,0.34178,5.8568,5.2192,0.55529,277.14,20.21
1248,10,93,2.1942,1.4029,0.30634,6.4102,5.3104,0.50175,297.24,19.75
1249,10,42,3.0484,1.9001,0.58694,7.589,6.0719,0.93352,306.6,16.111
1250,11,66,1.7345,1.4239,0.19181,5.753,5.3382,0.24999,297.55,17.186
1251,11,42,1.46,1.1949,0.16007,5.6808,5.1785,0.4058,238.48,141.67
1252,12,27,2.0038,1.5652,0.33931,6.3273,5.7011,0.77544,308.06,19.297
1253,1,39,2.0055,1.3607,0.32751,5.7783,5.1585,0.40702,297.09,18.215
1254,1,24,2.1285,1.567,0.4106,6.6061,5.9316,0.61352,155.4,183.06
1255,1,51,1.993,1.4833,0.31421,6.7215,6.2828,0.50178,48.014,113.46
1256,1,18,1.2095,1.0849,0.079434,5.1371,4.8898,0.22689,29.296,6.752
1257,1,21,2.5891,1.7291,0.57103,6.5547,5.67,0.76512,280.92,11.434
1258,2,39,1.8397,1.5604,0.25512,6.2415,5.933,0.35859,21.062,4.9975
1259,2,87,1.9764,1.3846,0.26941,6.7364,5.7312,0.57713,325.01,24.399
1260,3,21,1.1847,1.1163,0.056894,4.9027,4.7721,0.10305,38.21,8.3025
1261,3,42,1.523,1.3053,0.16259,5.3554,5.0661,0.18503,51.368,3.571
1262,3,18,1.3827,1.254,0.14032,5.2354,4.982,0.32356,7.1949,1.2619
1263,3,24,1.5469,1.2922,0.17891,5.1199,4.7768,0.3788,71.43,8.9125
1264,3,24,1.3898,1.2731,0.12779,5.5604,5.3788,0.1475,30.322,2.2381
1265,4,24,1.6199,1.3681,0.20968,5.7847,5.3813,0.45336,5.3928,5.3001
1266,6,30,1.8598,1.4734,0.295,6.0944,5.586,0.4159,132.33,178.2
1267,7,21,1.668,1.4167,0.22314,5.566,5.4082,0.17307,268.78,163.67
1268,7,36,1.2205,1.1043,0.055421,5.8316,5.2207,0.4786,342.33,21.548
1269,7,39,1.7572,1.4026,0.24644,6.1377,5.8457,0.34656,278.75,149.16
1270,8,21,1.4394,1.2337,0.15341,5.0486,4.9063,0.11288,276.91,9.7599
1271,9,66,2.5079,1.6269,0.37958,6.7248,5.6179,0.60449,313.95,28.736
1272,9,75,2.2786,1.6217,0.39793,7.0854,5.9277,0.6281,334.35,19.846
1273,9,27,1.2081,1.143,0.057706,5.5629,5.3611,0.25792,340.24,4.7375
1274,10,18,1.8322,1.4899,0.29354,6.8799,5.9913,0.93849,342.24,14.765
1275,10,21,1.6177,1.3431,0.19359,6.237,5.2352,0.88536,250.99,28.258
1276,11,21,1.1172,1.0699,0.03878,4.6699,4.3722,0.2632,236.97,36.201
1277,11,12,1.3127,1.1624,0.12195,5.4784,5.2191,0.3379,304.71,3.8146
1278,11,33,1.7756,1.4153,0.22975,6.1624,5.6284,0.3916,296.03,6.8958
1279,11,45,1.953,1.4831,0.24874,6.2861,5.8841,0.31276,355.57,2.5355
1280,11,60,2.1846,1.6194,0.36796,6.841,5.8927,0.67288,309,27.586
1281,12,195,3.5784,1.9711,0.82218,7.7459,6.134,1.0577,302.91,32.816
1282,12,15,1.1884,1.1082,0.063118,4.1294,4.0445,0.065293,194.53,3.5388
1283,1,33,2.7869,1.7571,0.60234,6.795,5.8336,0.68315,299.63,23.779
1284,1,39,2.5364,1.7003,0.51694,6.7275,5.9541,0.72069,324.16,19.059
1285,1,45,1.5243,1.3306,0.1589,4.8605,4.6441,0.16353,84.256,1.5854
1286,1,18,1.108,1.051,0.038346,3.8878,3.8233,0.03893,132.22,2.1558
1287,1,42,1.4356,1.2315,0.10122,4.5499,4.2517,0.21185,105.79,11.46
1288,1,33,1.2751,1.1625,0.078326,4.0963,3.9622,0.092536,143.36,11.885
1289,2,21,1.0637,1.0388,0.017679,5.3039,5.1405,0.13745,283.87,6.0313
1290,3,45,2.9544,1.7526,0.60323,6.9701,6.1144,0.73879,319.2,28.636
1291,3,21,2.5012,1.9752,0.49057,6.3053,5.8665,0.42491,302.9,7.315
1292,3,12,1.8943,1.4949,0.32256,5.8626,5.4249,0.51856,294.32,7.6351
1293,3,15,1.2451,1.1353,0.093474,6.0634,5.4837,0.62856,8.3418,2.6407
1294,4,18,1.3192,1.1915,0.11314,5.3722,5.0963,0.30735,357.22,1.9354
1295,5,18,1.3221,1.2081,0.12112,5.8687,5.2838,0.68735,251.24,169.95
1296,5,66,1.9569,1.5301,0.25615,6.2973,5.7961,0.37411,73.299,133.52
1297,6,18,1.1362,1.0695,0.048924,4.8578,4.7271,0.12865,302.94,1.7698
1298,6,33,1.9314,1.4993,0.32249,6.3892,5.7425,0.51414,350.29,3.6973
1299,8,12,1.244,1.1789,0.097212,5.2566,4.775,0.37781,255.32,11.241
1300,8,15,1.5174,1.3371,0.16087,5.801,5.6179,0.27481,336.67,7.4029
1301,9,27,2.7381,2.0227,0.59527,7.2798,6.8192,0.38479,352.32,1.9222
1302,9,18,1.5537,1.3726,0.1801,5.7469,5.4053,0.35968,305.18,2.166
1303,10,21,1.3951,1.2442,0.11611,5.3475,5.1263,0.23691,293.05,7.6708
1304,12,12,1.4221,1.2821,0.16,4.4366,4.2736,0.19338,200.56,5.8789
1305,12,30,1.6673,1.3838,0.25373,5.959,5.1603,0.66003,249.6,31.216
1306,12,105,1.6834,1.3527,0.15851,5.6732,5.2164,0.22628,292.57,12.737
1307,12,12,1.9151,1.4564,0.32945,5.4183,4.9867,0.47184,286.35,17.922
1308,12,15,1.1323,1.0685,0.045606,5.7699,5.6657,0.14932,176.19,186.41
1309,12,12,1.3752,1.213,0.15594,5.6502,5.4909,0.19458,347.72,3.2766
1310,1,12,1.2232,1.1565,0.06551,5.4952,5.3356,0.18943,299.31,4.7723
1311,1,96,2.9004,2.0632,0.5582,7.3477,6.313,0.71071,284.34,95.196
1312,1,12,1.3196,1.1595,0.12287,4.1961,4.0579,0.11835,180.84,4.0732
1313,1,27,1.8911,1.4346,0.30124,5.684,5.234,0.42471,291.53,7.5941
1314,1,60,3.7059,2.1014,0.80555,7.3379,6.1529,0.82983,290.26,21.744
1315,2,12,1.1911,1.133,0.064836,4.6825,4.2936,0.3102,241.47,9.609
1316,2,51,3.0844,2.0687,0.69795,7.9869,6.6341,1.0615,331.38,22.086
1317,2,21,1.3035,1.1532,0.10523,5.7865,5.4017,0.36091,293.17,3.819
1318,3,15,1.5378,1.3133,0.18466,5.429,5.1353,0.36778,282.84,8.0965
1319,3,15,2.2923,1.8312,0.42631,6.7167,6.361,0.37378,12.899,1.2227
1320,3,24,1.975,1.6212,0.33232,5.8626,5.3334,0.67102,267.1,26.481
1321,4,27,1.5514,1.2668,0.16159,5.0705,4.8499,0.12059,310.25,13.066
1322,4,30,1.2592,1.1494,0.07791,5.226,5,0.28942,346.02,3.2612
1323,4,12,1.5177,1.3234,0.1684,5.6815,5.264,0.37835,292.31,2.8523
1324,4,30,1.8035,1.3577,0.29627,5.4379,4.9179,0.38774,297.9,6.5001
1325,4,24,1.8191,1.3795,0.26861,5.8155,5.1937,0.44092,298.16,4.4838
1326,4,18,1.3564,1.1996,0.12919,5.436,5.0986,0.28921,353.68,4.1004
1327,4,21,1.7261,1.4458,0.2686,5.6387,5.2468,0.48694,348.54,13.198
1328,4,15,1.2359,1.1837,0.069026,5.1889,4.9595,0.26428,295.22,5.4184
1329,5,27,1.3497,1.2128,0.099337,5.3073,4.9758,0.27436,292.54,3.2156
1330,6,15,1.1344,1.0466,0.055089,5.1441,5.0168,0.092621,301.09,3.2458
1331,7,45,1.9227,1.4906,0.2779,5.7996,5.3685,0.35696,302.27,18.918
1332,7,18,1.3463,1.1904,0.14055,4.6689,4.4463,0.26515,252.28,12.658
1333,9,45,1.9077,1.4,0.26781,6.6088,6.0433,0.25766,345.23,9.4073
1334,10,15,1.155,1.0977,0.032667,5.3803,5.1959,0.10417,295.44,2.219
1335,10,18,1.2805,1.1304,0.1075,4.845,4.6592,0.26355,68.043,14.614
1336,10,15,1.8887,1.5096,0.27516,5.763,5.48,0.33243,299.77,9.9753
1337,10,15,1.5487,1.3305,0.18406,5.7961,5.4553,0.28682,318.55,7.0184
1338,11,27,3.4123,1.9305,0.84043,7.3229,6.3524,0.97893,311.47,27.042
1339,11,48,1.8967,1.4438,0.29027,5.9942,5.3298,0.37698,296.84,7.2138
1340,11,21,1.9467,1.5368,0.32578,5.8944,5.4584,0.47554,296.01,10.253
1341,11,27,1.8853,1.5289,0.27736,5.7997,5.5353,0.27026,288.6,3.9909
1342,11,45,1.7541,1.3565,0.21057,5.6063,5.1862,0.36722,287.01,15.889
1343,11,75,2.5797,1.6195,0.47479,6.8728,5.5974,0.9098,283.49,38.197
1344,12,81,1.733,1.4276,0.19431,6.0602,5.313,0.62045,267.79,25.759
1345,12,24,1.3866,1.2512,0.097415,5.4479,5.1306,0.32391,285.77,16.668
1346,12,18,1.2901,1.2127,0.069945,5.7083,5.192,0.42262,335.31,3.844
1347,12,54,3.0111,1.5335,0.55904,6.8747,5.5573,0.74307,282.9,16.072
1348,12,12,1.2787,1.1767,0.074187,5.8498,5.484,0.3042,286.98,1.3798
1349,12,18,1.249,1.1181,0.080988,5.1489,4.9305,0.15067,193.79,156.35
1350,1,30,2.0373,1.5916,0.35828,7.1604,6.3511,0.68474,341.38,4.8702
1351,1,15,2.2087,1.4826,0.46034,6.3747,5.8691,0.55842,326.02,15.03
1352,1,63,2.4148,1.3602,0.45129,6.6722,5.1952,0.75854,265.67,23.779
1353,1,24,1.4889,1.2558,0.16046,5.6642,5.2466,0.35947,286.05,12.912
1354,2,72,2.4122,1.5683,0.38503,6.6757,5.5169,0.59343,283.19,16.354
1355,2,12,1.3228,1.2441,0.088431,5.3905,5.2619,0.14205,283.8,157.8
